Time,ECG1,ECG2
2021-08-01 01:34:09.316,0.005,-0.145
2021-08-01 01:34:09.320,0.0,-0.135
2021-08-01 01:34:09.324,0.01,-0.135
2021-08-01 01:34:09.328,0.0,-0.115
2021-08-01 01:34:09.332,-0.005,-0.14
2021-08-01 01:34:09.336,-0.005,-0.14
2021-08-01 01:34:09.340,0.005,-0.13
2021-08-01 01:34:09.344,0.0,-0.135
2021-08-01 01:34:09.348,0.0,-0.145
2021-08-01 01:34:09.352,-0.005,-0.13
2021-08-01 01:34:09.356,-0.005,-0.135
2021-08-01 01:34:09.360,-0.005,-0.145
2021-08-01 01:34:09.364,-0.02,-0.135
2021-08-01 01:34:09.368,-0.005,-0.115
2021-08-01 01:34:09.372,0.0,-0.14
2021-08-01 01:34:09.376,-0.01,-0.145
2021-08-01 01:34:09.380,-0.01,-0.145
2021-08-01 01:34:09.384,-0.005,-0.14
2021-08-01 01:34:09.388,0.005,-0.145
2021-08-01 01:34:09.392,-0.005,-0.135
2021-08-01 01:34:09.396,-0.005,-0.15
2021-08-01 01:34:09.400,-0.01,-0.155
2021-08-01 01:34:09.404,-0.015,-0.14
2021-08-01 01:34:09.408,-0.005,-0.14
2021-08-01 01:34:09.412,-0.02,-0.135
2021-08-01 01:34:09.416,-0.01,-0.14
2021-08-01 01:34:09.420,-0.005,-0.14
2021-08-01 01:34:09.424,-0.02,-0.13
2021-08-01 01:34:09.428,-0.005,-0.135
2021-08-01 01:34:09.432,0.0,-0.135
2021-08-01 01:34:09.436,-0.005,-0.15
2021-08-01 01:34:09.440,-0.02,-0.16
2021-08-01 01:34:09.444,-0.005,-0.145
2021-08-01 01:34:09.448,-0.01,-0.135
2021-08-01 01:34:09.452,0.01,-0.155
2021-08-01 01:34:09.456,-0.01,-0.15
2021-08-01 01:34:09.460,-0.015,-0.16
2021-08-01 01:34:09.464,-0.01,-0.16
2021-08-01 01:34:09.468,0.005,-0.14
2021-08-01 01:34:09.472,0.0,-0.145
2021-08-01 01:34:09.476,-0.015,-0.155
2021-08-01 01:34:09.480,-0.025,-0.155
2021-08-01 01:34:09.484,-0.01,-0.16
2021-08-01 01:34:09.488,-0.005,-0.16
2021-08-01 01:34:09.492,-0.025,-0.16
2021-08-01 01:34:09.496,-0.015,-0.165
2021-08-01 01:34:09.500,-0.01,-0.17
2021-08-01 01:34:09.504,-0.03,-0.16
2021-08-01 01:34:09.508,-0.03,-0.15
2021-08-01 01:34:09.512,-0.02,-0.14
2021-08-01 01:34:09.516,-0.03,-0.16
2021-08-01 01:34:09.520,-0.02,-0.16
2021-08-01 01:34:09.524,-0.02,-0.165
2021-08-01 01:34:09.528,-0.035,-0.145
2021-08-01 01:34:09.532,-0.02,-0.145
2021-08-01 01:34:09.536,-0.025,-0.16
2021-08-01 01:34:09.540,-0.035,-0.155
2021-08-01 01:34:09.544,-0.03,-0.145
2021-08-01 01:34:09.548,-0.02,-0.155
2021-08-01 01:34:09.552,-0.03,-0.145
2021-08-01 01:34:09.556,-0.04,-0.15
2021-08-01 01:34:09.560,-0.025,-0.145
2021-08-01 01:34:09.564,-0.03,-0.145
2021-08-01 01:34:09.568,-0.035,-0.155
2021-08-01 01:34:09.572,-0.03,-0.15
2021-08-01 01:34:09.576,-0.025,-0.15
2021-08-01 01:34:09.580,-0.025,-0.16
2021-08-01 01:34:09.584,-0.02,-0.145
2021-08-01 01:34:09.588,-0.035,-0.15
2021-08-01 01:34:09.592,-0.025,-0.16
2021-08-01 01:34:09.596,-0.015,-0.165
2021-08-01 01:34:09.600,-0.025,-0.15
2021-08-01 01:34:09.604,-0.015,-0.155
2021-08-01 01:34:09.608,-0.01,-0.145
2021-08-01 01:34:09.612,-0.015,-0.15
2021-08-01 01:34:09.616,-0.03,-0.145
2021-08-01 01:34:09.620,-0.02,-0.16
2021-08-01 01:34:09.624,-0.02,-0.155
2021-08-01 01:34:09.628,-0.035,-0.135
2021-08-01 01:34:09.632,-0.02,-0.14
2021-08-01 01:34:09.636,0.0,-0.155
2021-08-01 01:34:09.640,-0.025,-0.14
2021-08-01 01:34:09.644,-0.035,-0.13
2021-08-01 01:34:09.648,-0.03,-0.155
2021-08-01 01:34:09.652,-0.04,-0.155
2021-08-01 01:34:09.656,-0.015,-0.16
2021-08-01 01:34:09.660,-0.015,-0.165
2021-08-01 01:34:09.664,-0.02,-0.155
2021-08-01 01:34:09.668,-0.015,-0.145
2021-08-01 01:34:09.672,-0.025,-0.125
2021-08-01 01:34:09.676,-0.02,-0.155
2021-08-01 01:34:09.680,-0.005,-0.15
2021-08-01 01:34:09.684,-0.01,-0.13
2021-08-01 01:34:09.688,-0.02,-0.135
2021-08-01 01:34:09.692,-0.04,-0.14
2021-08-01 01:34:09.696,-0.035,-0.14
2021-08-01 01:34:09.700,-0.025,-0.155
2021-08-01 01:34:09.704,-0.025,-0.135
2021-08-01 01:34:09.708,-0.01,-0.12
2021-08-01 01:34:09.712,-0.03,-0.11
2021-08-01 01:34:09.716,-0.02,-0.12
2021-08-01 01:34:09.720,-0.015,-0.08
2021-08-01 01:34:09.724,-0.015,-0.055
2021-08-01 01:34:09.728,0.005,-0.055
2021-08-01 01:34:09.732,0.0,-0.05
2021-08-01 01:34:09.736,0.005,-0.055
2021-08-01 01:34:09.740,0.03,-0.035
2021-08-01 01:34:09.744,0.025,0.01
2021-08-01 01:34:09.748,0.025,-0.01
2021-08-01 01:34:09.752,0.02,-0.065
2021-08-01 01:34:09.756,0.0,-0.1
2021-08-01 01:34:09.760,-0.01,-0.12
2021-08-01 01:34:09.764,-0.035,-0.115
2021-08-01 01:34:09.768,-0.05,-0.13
2021-08-01 01:34:09.772,-0.06,-0.17
2021-08-01 01:34:09.776,-0.075,-0.16
2021-08-01 01:34:09.780,-0.08,-0.16
2021-08-01 01:34:09.784,-0.08,-0.16
2021-08-01 01:34:09.788,-0.08,-0.145
2021-08-01 01:34:09.792,-0.085,-0.14
2021-08-01 01:34:09.796,-0.055,-0.15
2021-08-01 01:34:09.800,-0.03,-0.17
2021-08-01 01:34:09.804,-0.02,-0.185
2021-08-01 01:34:09.808,-0.02,-0.2
2021-08-01 01:34:09.812,-0.005,-0.23
2021-08-01 01:34:09.816,-0.02,-0.25
2021-08-01 01:34:09.820,-0.035,-0.25
2021-08-01 01:34:09.824,-0.035,-0.26
2021-08-01 01:34:09.828,-0.03,-0.25
2021-08-01 01:34:09.832,-0.065,-0.25
2021-08-01 01:34:09.836,-0.04,-0.265
2021-08-01 01:34:09.840,-0.05,-0.26
2021-08-01 01:34:09.844,-0.04,-0.245
2021-08-01 01:34:09.848,-0.045,-0.25
2021-08-01 01:34:09.852,-0.045,-0.275
2021-08-01 01:34:09.856,-0.04,-0.265
2021-08-01 01:34:09.860,-0.045,-0.245
2021-08-01 01:34:09.864,-0.04,-0.25
2021-08-01 01:34:09.868,-0.03,-0.255
2021-08-01 01:34:09.872,-0.06,-0.255
2021-08-01 01:34:09.876,-0.05,-0.205
2021-08-01 01:34:09.880,-0.01,-0.04
2021-08-01 01:34:09.884,-0.005,0.205
2021-08-01 01:34:09.888,0.01,0.445
2021-08-01 01:34:09.892,0.075,0.635
2021-08-01 01:34:09.896,0.175,0.7
2021-08-01 01:34:09.900,0.265,0.68
2021-08-01 01:34:09.904,0.26,0.555
2021-08-01 01:34:09.908,0.225,0.185
2021-08-01 01:34:09.912,0.205,-0.345
2021-08-01 01:34:09.916,0.11,-0.685
2021-08-01 01:34:09.920,-0.14,-0.805
2021-08-01 01:34:09.924,-0.285,-0.8
2021-08-01 01:34:09.928,-0.37,-0.72
2021-08-01 01:34:09.932,-0.365,-0.59
2021-08-01 01:34:09.936,-0.36,-0.495
2021-08-01 01:34:09.940,-0.32,-0.41
2021-08-01 01:34:09.944,-0.24,-0.31
2021-08-01 01:34:09.948,-0.17,-0.27
2021-08-01 01:34:09.952,-0.12,-0.255
2021-08-01 01:34:09.956,-0.075,-0.27
2021-08-01 01:34:09.960,-0.045,-0.27
2021-08-01 01:34:09.964,-0.04,-0.275
2021-08-01 01:34:09.968,-0.05,-0.245
2021-08-01 01:34:09.972,-0.05,-0.265
2021-08-01 01:34:09.976,-0.045,-0.275
2021-08-01 01:34:09.980,-0.055,-0.27
2021-08-01 01:34:09.984,-0.045,-0.26
2021-08-01 01:34:09.988,-0.035,-0.25
2021-08-01 01:34:09.992,-0.05,-0.255
2021-08-01 01:34:09.996,-0.04,-0.25
2021-08-01 01:34:10.000,-0.04,-0.25
2021-08-01 01:34:10.004,-0.025,-0.25
2021-08-01 01:34:10.008,-0.04,-0.26
2021-08-01 01:34:10.012,-0.04,-0.255
2021-08-01 01:34:10.016,-0.045,-0.255
2021-08-01 01:34:10.020,-0.05,-0.255
2021-08-01 01:34:10.024,-0.05,-0.24
2021-08-01 01:34:10.028,-0.05,-0.245
2021-08-01 01:34:10.032,-0.04,-0.2
2021-08-01 01:34:10.036,-0.06,-0.2
2021-08-01 01:34:10.040,-0.055,-0.21
2021-08-01 01:34:10.044,-0.04,-0.205
2021-08-01 01:34:10.048,-0.055,-0.205
2021-08-01 01:34:10.052,-0.055,-0.2
2021-08-01 01:34:10.056,-0.04,-0.22
2021-08-01 01:34:10.060,-0.04,-0.2
2021-08-01 01:34:10.064,-0.055,-0.19
2021-08-01 01:34:10.068,-0.045,-0.2
2021-08-01 01:34:10.072,-0.025,-0.2
2021-08-01 01:34:10.076,-0.055,-0.195
2021-08-01 01:34:10.080,-0.015,-0.19
2021-08-01 01:34:10.084,-0.04,-0.18
2021-08-01 01:34:10.088,-0.04,-0.175
2021-08-01 01:34:10.092,-0.05,-0.17
2021-08-01 01:34:10.096,-0.045,-0.19
2021-08-01 01:34:10.100,-0.045,-0.175
2021-08-01 01:34:10.104,-0.05,-0.16
2021-08-01 01:34:10.108,-0.04,-0.15
2021-08-01 01:34:10.112,-0.04,-0.14
2021-08-01 01:34:10.116,-0.045,-0.155
2021-08-01 01:34:10.120,-0.045,-0.145
2021-08-01 01:34:10.124,-0.045,-0.14
2021-08-01 01:34:10.128,-0.045,-0.155
2021-08-01 01:34:10.132,-0.05,-0.145
2021-08-01 01:34:10.136,-0.06,-0.14
2021-08-01 01:34:10.140,-0.045,-0.135
2021-08-01 01:34:10.144,-0.06,-0.115
2021-08-01 01:34:10.148,-0.045,-0.105
2021-08-01 01:34:10.152,-0.05,-0.12
2021-08-01 01:34:10.156,-0.055,-0.11
2021-08-01 01:34:10.160,-0.065,-0.09
2021-08-01 01:34:10.164,-0.065,-0.08
2021-08-01 01:34:10.168,-0.04,-0.08
2021-08-01 01:34:10.172,-0.05,-0.06
2021-08-01 01:34:10.176,-0.05,-0.055
2021-08-01 01:34:10.180,-0.045,-0.025
2021-08-01 01:34:10.184,-0.03,-0.01
2021-08-01 01:34:10.188,-0.04,0.0
2021-08-01 01:34:10.192,-0.04,0.0
2021-08-01 01:34:10.196,-0.02,0.005
2021-08-01 01:34:10.200,-0.02,0.03
2021-08-01 01:34:10.204,-0.02,0.025
2021-08-01 01:34:10.208,-0.015,0.015
2021-08-01 01:34:10.212,0.005,-0.01
2021-08-01 01:34:10.216,0.005,0.0
2021-08-01 01:34:10.220,-0.01,0.015
2021-08-01 01:34:10.224,0.0,0.005
2021-08-01 01:34:10.228,0.005,-0.005
2021-08-01 01:34:10.232,0.0,-0.035
2021-08-01 01:34:10.236,-0.005,-0.04
2021-08-01 01:34:10.240,0.0,-0.035
2021-08-01 01:34:10.244,-0.005,-0.025
2021-08-01 01:34:10.248,-0.02,-0.03
2021-08-01 01:34:10.252,-0.015,-0.045
2021-08-01 01:34:10.256,-0.025,-0.035
2021-08-01 01:34:10.260,-0.04,-0.02
2021-08-01 01:34:10.264,-0.01,-0.035
2021-08-01 01:34:10.268,-0.015,-0.035
2021-08-01 01:34:10.272,-0.025,-0.055
2021-08-01 01:34:10.276,-0.01,-0.05
2021-08-01 01:34:10.280,-0.02,-0.025
2021-08-01 01:34:10.284,-0.04,-0.04
2021-08-01 01:34:10.288,-0.04,-0.025
2021-08-01 01:34:10.292,-0.015,-0.045
2021-08-01 01:34:10.296,-0.035,-0.04
2021-08-01 01:34:10.300,-0.03,-0.04
2021-08-01 01:34:10.304,-0.025,-0.03
2021-08-01 01:34:10.308,-0.035,-0.05
2021-08-01 01:34:10.312,-0.01,-0.06
2021-08-01 01:34:10.316,-0.03,-0.055
2021-08-01 01:34:10.320,-0.03,-0.045
2021-08-01 01:34:10.324,-0.03,-0.04
2021-08-01 01:34:10.328,-0.04,-0.045
2021-08-01 01:34:10.332,-0.03,-0.05
2021-08-01 01:34:10.336,-0.045,-0.06
2021-08-01 01:34:10.340,-0.01,-0.08
2021-08-01 01:34:10.344,-0.02,-0.065
2021-08-01 01:34:10.348,-0.045,-0.06
2021-08-01 01:34:10.352,-0.035,-0.07
2021-08-01 01:34:10.356,-0.035,-0.075
2021-08-01 01:34:10.360,-0.03,-0.07
2021-08-01 01:34:10.364,-0.045,-0.085
2021-08-01 01:34:10.368,-0.04,-0.085
2021-08-01 01:34:10.372,-0.045,-0.09
2021-08-01 01:34:10.376,-0.03,-0.095
2021-08-01 01:34:10.380,-0.035,-0.1
2021-08-01 01:34:10.384,-0.04,-0.1
2021-08-01 01:34:10.388,-0.035,-0.09
2021-08-01 01:34:10.392,-0.04,-0.105
2021-08-01 01:34:10.396,-0.055,-0.1
2021-08-01 01:34:10.400,-0.045,-0.1
2021-08-01 01:34:10.404,-0.05,-0.1
2021-08-01 01:34:10.408,-0.055,-0.11
2021-08-01 01:34:10.412,-0.05,-0.12
2021-08-01 01:34:10.416,-0.04,-0.115
2021-08-01 01:34:10.420,-0.055,-0.13
2021-08-01 01:34:10.424,-0.04,-0.13
2021-08-01 01:34:10.428,-0.055,-0.125
2021-08-01 01:34:10.432,-0.055,-0.13
2021-08-01 01:34:10.436,-0.045,-0.13
2021-08-01 01:34:10.440,-0.035,-0.125
2021-08-01 01:34:10.444,-0.055,-0.125
2021-08-01 01:34:10.448,-0.05,-0.12
2021-08-01 01:34:10.452,-0.045,-0.125
2021-08-01 01:34:10.456,-0.07,-0.15
2021-08-01 01:34:10.460,-0.06,-0.14
2021-08-01 01:34:10.464,-0.04,-0.13
2021-08-01 01:34:10.468,-0.055,-0.15
2021-08-01 01:34:10.472,-0.045,-0.145
2021-08-01 01:34:10.476,-0.06,-0.15
2021-08-01 01:34:10.480,-0.05,-0.145
2021-08-01 01:34:10.484,-0.065,-0.125
2021-08-01 01:34:10.488,-0.05,-0.155
2021-08-01 01:34:10.492,-0.065,-0.16
2021-08-01 01:34:10.496,-0.055,-0.15
2021-08-01 01:34:10.500,-0.05,-0.145
2021-08-01 01:34:10.504,-0.06,-0.145
2021-08-01 01:34:10.508,-0.07,-0.14
2021-08-01 01:34:10.512,-0.05,-0.15
2021-08-01 01:34:10.516,-0.07,-0.15
2021-08-01 01:34:10.520,-0.065,-0.145
2021-08-01 01:34:10.524,-0.055,-0.14
2021-08-01 01:34:10.528,-0.065,-0.14
2021-08-01 01:34:10.532,-0.065,-0.17
2021-08-01 01:34:10.536,-0.06,-0.16
2021-08-01 01:34:10.540,-0.07,-0.15
2021-08-01 01:34:10.544,-0.07,-0.155
2021-08-01 01:34:10.548,-0.065,-0.15
2021-08-01 01:34:10.552,-0.07,-0.165
2021-08-01 01:34:10.556,-0.06,-0.16
2021-08-01 01:34:10.560,-0.06,-0.145
2021-08-01 01:34:10.564,-0.075,-0.15
2021-08-01 01:34:10.568,-0.08,-0.155
2021-08-01 01:34:10.572,-0.085,-0.16
2021-08-01 01:34:10.576,-0.065,-0.155
2021-08-01 01:34:10.580,-0.07,-0.145
2021-08-01 01:34:10.584,-0.065,-0.155
2021-08-01 01:34:10.588,-0.05,-0.14
2021-08-01 01:34:10.592,-0.055,-0.145
2021-08-01 01:34:10.596,-0.065,-0.125
2021-08-01 01:34:10.600,-0.06,-0.1
2021-08-01 01:34:10.604,-0.04,-0.085
2021-08-01 01:34:10.608,-0.045,-0.05
2021-08-01 01:34:10.612,-0.035,-0.045
2021-08-01 01:34:10.616,-0.02,-0.035
2021-08-01 01:34:10.620,-0.005,-0.04
2021-08-01 01:34:10.624,0.0,-0.01
2021-08-01 01:34:10.628,-0.005,-0.02
2021-08-01 01:34:10.632,0.025,-0.02
2021-08-01 01:34:10.636,0.005,-0.075
2021-08-01 01:34:10.640,0.005,-0.1
2021-08-01 01:34:10.644,-0.045,-0.125
2021-08-01 01:34:10.648,-0.095,-0.145
2021-08-01 01:34:10.652,-0.095,-0.16
2021-08-01 01:34:10.656,-0.11,-0.18
2021-08-01 01:34:10.660,-0.105,-0.165
2021-08-01 01:34:10.664,-0.13,-0.145
2021-08-01 01:34:10.668,-0.125,-0.155
2021-08-01 01:34:10.672,-0.095,-0.15
2021-08-01 01:34:10.676,-0.085,-0.165
2021-08-01 01:34:10.680,-0.065,-0.17
2021-08-01 01:34:10.684,-0.06,-0.19
2021-08-01 01:34:10.688,-0.03,-0.2
2021-08-01 01:34:10.692,-0.06,-0.22
2021-08-01 01:34:10.696,-0.04,-0.245
2021-08-01 01:34:10.700,-0.05,-0.25
2021-08-01 01:34:10.704,-0.06,-0.23
2021-08-01 01:34:10.708,-0.065,-0.24
2021-08-01 01:34:10.712,-0.075,-0.265
2021-08-01 01:34:10.716,-0.085,-0.265
2021-08-01 01:34:10.720,-0.07,-0.25
2021-08-01 01:34:10.724,-0.08,-0.25
2021-08-01 01:34:10.728,-0.08,-0.255
2021-08-01 01:34:10.732,-0.08,-0.26
2021-08-01 01:34:10.736,-0.065,-0.27
2021-08-01 01:34:10.740,-0.055,-0.255
2021-08-01 01:34:10.744,-0.05,-0.26
2021-08-01 01:34:10.748,-0.055,-0.245
2021-08-01 01:34:10.752,-0.04,-0.285
2021-08-01 01:34:10.756,-0.065,-0.285
2021-08-01 01:34:10.760,-0.065,-0.28
2021-08-01 01:34:10.764,-0.06,-0.245
2021-08-01 01:34:10.768,-0.025,-0.085
2021-08-01 01:34:10.772,-0.03,0.11
2021-08-01 01:34:10.776,0.01,0.375
2021-08-01 01:34:10.780,0.045,0.6
2021-08-01 01:34:10.784,0.135,0.69
2021-08-01 01:34:10.788,0.24,0.705
2021-08-01 01:34:10.792,0.275,0.625
2021-08-01 01:34:10.796,0.265,0.3
2021-08-01 01:34:10.800,0.225,-0.24
2021-08-01 01:34:10.804,0.155,-0.625
2021-08-01 01:34:10.808,-0.02,-0.77
2021-08-01 01:34:10.812,-0.22,-0.795
2021-08-01 01:34:10.816,-0.335,-0.745
2021-08-01 01:34:10.820,-0.385,-0.64
2021-08-01 01:34:10.824,-0.35,-0.515
2021-08-01 01:34:10.828,-0.315,-0.43
2021-08-01 01:34:10.832,-0.255,-0.36
2021-08-01 01:34:10.836,-0.19,-0.3
2021-08-01 01:34:10.840,-0.15,-0.265
2021-08-01 01:34:10.844,-0.085,-0.285
2021-08-01 01:34:10.848,-0.06,-0.295
2021-08-01 01:34:10.852,-0.06,-0.285
2021-08-01 01:34:10.856,-0.065,-0.285
2021-08-01 01:34:10.860,-0.055,-0.295
2021-08-01 01:34:10.864,-0.06,-0.26
2021-08-01 01:34:10.868,-0.07,-0.26
2021-08-01 01:34:10.872,-0.07,-0.275
2021-08-01 01:34:10.876,-0.06,-0.26
2021-08-01 01:34:10.880,-0.075,-0.265
2021-08-01 01:34:10.884,-0.06,-0.265
2021-08-01 01:34:10.888,-0.03,-0.265
2021-08-01 01:34:10.892,-0.07,-0.26
2021-08-01 01:34:10.896,-0.08,-0.265
2021-08-01 01:34:10.900,-0.065,-0.25
2021-08-01 01:34:10.904,-0.07,-0.255
2021-08-01 01:34:10.908,-0.08,-0.25
2021-08-01 01:34:10.912,-0.07,-0.265
2021-08-01 01:34:10.916,-0.06,-0.255
2021-08-01 01:34:10.920,-0.075,-0.25
2021-08-01 01:34:10.924,-0.07,-0.24
2021-08-01 01:34:10.928,-0.055,-0.245
2021-08-01 01:34:10.932,-0.055,-0.235
2021-08-01 01:34:10.936,-0.08,-0.24
2021-08-01 01:34:10.940,-0.075,-0.23
2021-08-01 01:34:10.944,-0.06,-0.23
2021-08-01 01:34:10.948,-0.06,-0.22
2021-08-01 01:34:10.952,-0.08,-0.235
2021-08-01 01:34:10.956,-0.065,-0.225
2021-08-01 01:34:10.960,-0.04,-0.195
2021-08-01 01:34:10.964,-0.05,-0.2
2021-08-01 01:34:10.968,-0.05,-0.2
2021-08-01 01:34:10.972,-0.06,-0.2
2021-08-01 01:34:10.976,-0.05,-0.195
2021-08-01 01:34:10.980,-0.055,-0.195
2021-08-01 01:34:10.984,-0.045,-0.16
2021-08-01 01:34:10.988,-0.035,-0.16
2021-08-01 01:34:10.992,-0.04,-0.175
2021-08-01 01:34:10.996,-0.025,-0.175
2021-08-01 01:34:11.000,-0.03,-0.16
2021-08-01 01:34:11.004,-0.035,-0.15
2021-08-01 01:34:11.008,-0.025,-0.17
2021-08-01 01:34:11.012,-0.03,-0.17
2021-08-01 01:34:11.016,-0.045,-0.16
2021-08-01 01:34:11.020,-0.03,-0.185
2021-08-01 01:34:11.024,-0.02,-0.145
2021-08-01 01:34:11.028,-0.03,-0.13
2021-08-01 01:34:11.032,-0.01,-0.13
2021-08-01 01:34:11.036,-0.04,-0.15
2021-08-01 01:34:11.040,-0.015,-0.125
2021-08-01 01:34:11.044,-0.04,-0.115
2021-08-01 01:34:11.048,-0.025,-0.105
2021-08-01 01:34:11.052,-0.015,-0.09
2021-08-01 01:34:11.056,-0.015,-0.085
2021-08-01 01:34:11.060,-0.01,-0.065
2021-08-01 01:34:11.064,-0.02,-0.06
2021-08-01 01:34:11.068,-0.02,-0.065
2021-08-01 01:34:11.072,-0.02,-0.07
2021-08-01 01:34:11.076,-0.02,-0.08
2021-08-01 01:34:11.080,0.0,-0.065
2021-08-01 01:34:11.084,-0.01,-0.04
2021-08-01 01:34:11.088,0.0,-0.075
2021-08-01 01:34:11.092,-0.005,-0.065
2021-08-01 01:34:11.096,-0.01,-0.09
2021-08-01 01:34:11.100,-0.015,-0.08
2021-08-01 01:34:11.104,-0.02,-0.1
2021-08-01 01:34:11.108,-0.015,-0.1
2021-08-01 01:34:11.112,-0.015,-0.1
2021-08-01 01:34:11.116,0.0,-0.1
2021-08-01 01:34:11.120,-0.01,-0.1
2021-08-01 01:34:11.124,-0.005,-0.09
2021-08-01 01:34:11.128,-0.02,-0.095
2021-08-01 01:34:11.132,-0.025,-0.12
2021-08-01 01:34:11.136,-0.015,-0.115
2021-08-01 01:34:11.140,-0.01,-0.1
2021-08-01 01:34:11.144,-0.005,-0.1
2021-08-01 01:34:11.148,0.0,-0.09
2021-08-01 01:34:11.152,-0.01,-0.105
2021-08-01 01:34:11.156,-0.01,-0.075
2021-08-01 01:34:11.160,-0.02,-0.08
2021-08-01 01:34:11.164,-0.025,-0.075
2021-08-01 01:34:11.168,-0.02,-0.09
2021-08-01 01:34:11.172,-0.03,-0.085
2021-08-01 01:34:11.176,-0.025,-0.08
2021-08-01 01:34:11.180,-0.01,-0.08
2021-08-01 01:34:11.184,-0.03,-0.09
2021-08-01 01:34:11.188,-0.02,-0.105
2021-08-01 01:34:11.192,-0.01,-0.09
2021-08-01 01:34:11.196,-0.02,-0.085
2021-08-01 01:34:11.200,-0.01,-0.08
2021-08-01 01:34:11.204,0.0,-0.07
2021-08-01 01:34:11.208,-0.015,-0.08
2021-08-01 01:34:11.212,-0.01,-0.075
2021-08-01 01:34:11.216,-0.015,-0.09
2021-08-01 01:34:11.220,-0.02,-0.09
2021-08-01 01:34:11.224,-0.02,-0.08
2021-08-01 01:34:11.228,-0.02,-0.095
2021-08-01 01:34:11.232,-0.025,-0.12
2021-08-01 01:34:11.236,-0.03,-0.1
2021-08-01 01:34:11.240,-0.035,-0.09
2021-08-01 01:34:11.244,-0.015,-0.1
2021-08-01 01:34:11.248,-0.035,-0.095
2021-08-01 01:34:11.252,-0.02,-0.09
2021-08-01 01:34:11.256,-0.015,-0.1
2021-08-01 01:34:11.260,-0.01,-0.1
2021-08-01 01:34:11.264,-0.02,-0.08
2021-08-01 01:34:11.268,-0.04,-0.09
2021-08-01 01:34:11.272,-0.04,-0.12
2021-08-01 01:34:11.276,-0.03,-0.12
2021-08-01 01:34:11.280,-0.025,-0.12
2021-08-01 01:34:11.284,-0.03,-0.11
2021-08-01 01:34:11.288,-0.035,-0.105
2021-08-01 01:34:11.292,-0.02,-0.11
2021-08-01 01:34:11.296,-0.025,-0.11
2021-08-01 01:34:11.300,-0.015,-0.11
2021-08-01 01:34:11.304,-0.03,-0.11
2021-08-01 01:34:11.308,-0.02,-0.125
2021-08-01 01:34:11.312,-0.03,-0.11
2021-08-01 01:34:11.316,-0.025,-0.11
2021-08-01 01:34:11.320,-0.03,-0.115
2021-08-01 01:34:11.324,-0.03,-0.1
2021-08-01 01:34:11.328,-0.015,-0.115
2021-08-01 01:34:11.332,-0.02,-0.125
2021-08-01 01:34:11.336,-0.03,-0.12
2021-08-01 01:34:11.340,-0.015,-0.115
2021-08-01 01:34:11.344,-0.035,-0.115
2021-08-01 01:34:11.348,-0.03,-0.125
2021-08-01 01:34:11.352,-0.03,-0.125
2021-08-01 01:34:11.356,-0.05,-0.11
2021-08-01 01:34:11.360,-0.04,-0.12
2021-08-01 01:34:11.364,-0.035,-0.115
2021-08-01 01:34:11.368,-0.03,-0.135
2021-08-01 01:34:11.372,-0.04,-0.13
2021-08-01 01:34:11.376,-0.03,-0.13
2021-08-01 01:34:11.380,-0.03,-0.125
2021-08-01 01:34:11.384,-0.02,-0.115
2021-08-01 01:34:11.388,-0.035,-0.11
2021-08-01 01:34:11.392,-0.035,-0.135
2021-08-01 01:34:11.396,-0.04,-0.105
2021-08-01 01:34:11.400,-0.025,-0.1
2021-08-01 01:34:11.404,-0.035,-0.11
2021-08-01 01:34:11.408,-0.015,-0.13
2021-08-01 01:34:11.412,-0.045,-0.12
2021-08-01 01:34:11.416,-0.03,-0.135
2021-08-01 01:34:11.420,-0.04,-0.11
2021-08-01 01:34:11.424,-0.05,-0.1
2021-08-01 01:34:11.428,-0.045,-0.07
2021-08-01 01:34:11.432,-0.01,-0.055
2021-08-01 01:34:11.436,-0.015,-0.04
2021-08-01 01:34:11.440,0.0,-0.01
2021-08-01 01:34:11.444,0.0,-0.005
2021-08-01 01:34:11.448,0.02,0.0
2021-08-01 01:34:11.452,0.02,0.015
2021-08-01 01:34:11.456,0.03,0.02
2021-08-01 01:34:11.460,0.055,0.05
2021-08-01 01:34:11.464,0.035,0.045
2021-08-01 01:34:11.468,0.0,0.03
2021-08-01 01:34:11.472,-0.01,-0.03
2021-08-01 01:34:11.476,-0.06,-0.08
2021-08-01 01:34:11.480,-0.07,-0.115
2021-08-01 01:34:11.484,-0.085,-0.13
2021-08-01 01:34:11.488,-0.09,-0.14
2021-08-01 01:34:11.492,-0.095,-0.11
2021-08-01 01:34:11.496,-0.105,-0.105
2021-08-01 01:34:11.500,-0.095,-0.1
2021-08-01 01:34:11.504,-0.05,-0.115
2021-08-01 01:34:11.508,-0.05,-0.135
2021-08-01 01:34:11.512,-0.04,-0.17
2021-08-01 01:34:11.516,-0.05,-0.19
2021-08-01 01:34:11.520,-0.055,-0.195
2021-08-01 01:34:11.524,-0.05,-0.21
2021-08-01 01:34:11.528,-0.05,-0.225
2021-08-01 01:34:11.532,-0.055,-0.22
2021-08-01 01:34:11.536,-0.06,-0.245
2021-08-01 01:34:11.540,-0.055,-0.245
2021-08-01 01:34:11.544,-0.06,-0.245
2021-08-01 01:34:11.548,-0.09,-0.25
2021-08-01 01:34:11.552,-0.085,-0.265
2021-08-01 01:34:11.556,-0.08,-0.265
2021-08-01 01:34:11.560,-0.09,-0.24
2021-08-01 01:34:11.564,-0.085,-0.23
2021-08-01 01:34:11.568,-0.07,-0.25
2021-08-01 01:34:11.572,-0.08,-0.255
2021-08-01 01:34:11.576,-0.08,-0.255
2021-08-01 01:34:11.580,-0.08,-0.24
2021-08-01 01:34:11.584,-0.095,-0.255
2021-08-01 01:34:11.588,-0.075,-0.265
2021-08-01 01:34:11.592,-0.075,-0.27
2021-08-01 01:34:11.596,-0.07,-0.21
2021-08-01 01:34:11.600,-0.035,-0.045
2021-08-01 01:34:11.604,-0.04,0.215
2021-08-01 01:34:11.608,0.005,0.455
2021-08-01 01:34:11.612,0.07,0.69
2021-08-01 01:34:11.616,0.165,0.74
2021-08-01 01:34:11.620,0.24,0.725
2021-08-01 01:34:11.624,0.27,0.595
2021-08-01 01:34:11.628,0.17,0.175
2021-08-01 01:34:11.632,0.105,-0.365
2021-08-01 01:34:11.636,-0.01,-0.7
2021-08-01 01:34:11.640,-0.21,-0.845
2021-08-01 01:34:11.644,-0.375,-0.8
2021-08-01 01:34:11.648,-0.445,-0.705
2021-08-01 01:34:11.652,-0.42,-0.575
2021-08-01 01:34:11.656,-0.405,-0.465
2021-08-01 01:34:11.660,-0.345,-0.345
2021-08-01 01:34:11.664,-0.23,-0.27
2021-08-01 01:34:11.668,-0.16,-0.265
2021-08-01 01:34:11.672,-0.115,-0.265
2021-08-01 01:34:11.676,-0.085,-0.265
2021-08-01 01:34:11.680,-0.07,-0.26
2021-08-01 01:34:11.684,-0.075,-0.245
2021-08-01 01:34:11.688,-0.08,-0.265
2021-08-01 01:34:11.692,-0.08,-0.26
2021-08-01 01:34:11.696,-0.055,-0.255
2021-08-01 01:34:11.700,-0.09,-0.25
2021-08-01 01:34:11.704,-0.08,-0.24
2021-08-01 01:34:11.708,-0.07,-0.245
2021-08-01 01:34:11.712,-0.075,-0.23
2021-08-01 01:34:11.716,-0.09,-0.24
2021-08-01 01:34:11.720,-0.075,-0.24
2021-08-01 01:34:11.724,-0.065,-0.245
2021-08-01 01:34:11.728,-0.09,-0.24
2021-08-01 01:34:11.732,-0.09,-0.23
2021-08-01 01:34:11.736,-0.07,-0.25
2021-08-01 01:34:11.740,-0.09,-0.215
2021-08-01 01:34:11.744,-0.105,-0.23
2021-08-01 01:34:11.748,-0.09,-0.23
2021-08-01 01:34:11.752,-0.08,-0.225
2021-08-01 01:34:11.756,-0.09,-0.215
2021-08-01 01:34:11.760,-0.08,-0.215
2021-08-01 01:34:11.764,-0.095,-0.205
2021-08-01 01:34:11.768,-0.095,-0.19
2021-08-01 01:34:11.772,-0.08,-0.19
2021-08-01 01:34:11.776,-0.075,-0.195
2021-08-01 01:34:11.780,-0.08,-0.175
2021-08-01 01:34:11.784,-0.075,-0.17
2021-08-01 01:34:11.788,-0.09,-0.175
2021-08-01 01:34:11.792,-0.085,-0.175
2021-08-01 01:34:11.796,-0.09,-0.16
2021-08-01 01:34:11.800,-0.08,-0.15
2021-08-01 01:34:11.804,-0.08,-0.14
2021-08-01 01:34:11.808,-0.085,-0.15
2021-08-01 01:34:11.812,-0.085,-0.14
2021-08-01 01:34:11.816,-0.07,-0.125
2021-08-01 01:34:11.820,-0.09,-0.1
2021-08-01 01:34:11.824,-0.075,-0.095
2021-08-01 01:34:11.828,-0.065,-0.1
2021-08-01 01:34:11.832,-0.06,-0.09
2021-08-01 01:34:11.836,-0.06,-0.085
2021-08-01 01:34:11.840,-0.065,-0.075
2021-08-01 01:34:11.844,-0.05,-0.09
2021-08-01 01:34:11.848,-0.07,-0.085
2021-08-01 01:34:11.852,-0.045,-0.09
2021-08-01 01:34:11.856,-0.05,-0.075
2021-08-01 01:34:11.860,-0.055,-0.055
2021-08-01 01:34:11.864,-0.05,-0.045
2021-08-01 01:34:11.868,-0.05,-0.055
2021-08-01 01:34:11.872,-0.05,-0.07
2021-08-01 01:34:11.876,-0.055,-0.05
2021-08-01 01:34:11.880,-0.055,-0.045
2021-08-01 01:34:11.884,-0.04,-0.045
2021-08-01 01:34:11.888,-0.05,-0.01
2021-08-01 01:34:11.892,-0.045,-0.02
2021-08-01 01:34:11.896,-0.035,-0.01
2021-08-01 01:34:11.900,-0.04,0.0
2021-08-01 01:34:11.904,-0.055,-0.015
2021-08-01 01:34:11.908,-0.055,-0.035
2021-08-01 01:34:11.912,-0.04,-0.05
2021-08-01 01:34:11.916,-0.04,-0.05
2021-08-01 01:34:11.920,-0.04,-0.07
2021-08-01 01:34:11.924,-0.045,-0.065
2021-08-01 01:34:11.928,-0.04,-0.07
2021-08-01 01:34:11.932,-0.03,-0.085
2021-08-01 01:34:11.936,-0.03,-0.1
2021-08-01 01:34:11.940,-0.03,-0.085
2021-08-01 01:34:11.944,-0.02,-0.09
2021-08-01 01:34:11.948,-0.035,-0.11
2021-08-01 01:34:11.952,-0.035,-0.1
2021-08-01 01:34:11.956,-0.04,-0.1
2021-08-01 01:34:11.960,-0.035,-0.09
2021-08-01 01:34:11.964,-0.03,-0.085
2021-08-01 01:34:11.968,-0.025,-0.1
2021-08-01 01:34:11.972,-0.02,-0.105
2021-08-01 01:34:11.976,-0.03,-0.105
2021-08-01 01:34:11.980,-0.025,-0.08
2021-08-01 01:34:11.984,-0.03,-0.08
2021-08-01 01:34:11.988,-0.03,-0.08
2021-08-01 01:34:11.992,-0.02,-0.095
2021-08-01 01:34:11.996,-0.04,-0.07
2021-08-01 01:34:12.000,-0.04,-0.065
2021-08-01 01:34:12.004,-0.015,-0.075
2021-08-01 01:34:12.008,-0.03,-0.085
2021-08-01 01:34:12.012,-0.01,-0.085
2021-08-01 01:34:12.016,-0.03,-0.07
2021-08-01 01:34:12.020,-0.02,-0.06
2021-08-01 01:34:12.024,-0.035,-0.06
2021-08-01 01:34:12.028,-0.04,-0.08
2021-08-01 01:34:12.032,-0.02,-0.095
2021-08-01 01:34:12.036,-0.02,-0.07
2021-08-01 01:34:12.040,-0.02,-0.075
2021-08-01 01:34:12.044,-0.02,-0.07
2021-08-01 01:34:12.048,-0.025,-0.07
2021-08-01 01:34:12.052,-0.04,-0.07
2021-08-01 01:34:12.056,-0.03,-0.075
2021-08-01 01:34:12.060,-0.03,-0.085
2021-08-01 01:34:12.064,-0.035,-0.065
2021-08-01 01:34:12.068,-0.02,-0.07
2021-08-01 01:34:12.072,-0.025,-0.09
2021-08-01 01:34:12.076,-0.045,-0.09
2021-08-01 01:34:12.080,-0.045,-0.08
2021-08-01 01:34:12.084,-0.045,-0.095
2021-08-01 01:34:12.088,-0.025,-0.105
2021-08-01 01:34:12.092,-0.015,-0.085
2021-08-01 01:34:12.096,-0.025,-0.095
2021-08-01 01:34:12.100,-0.015,-0.085
2021-08-01 01:34:12.104,-0.04,-0.11
2021-08-01 01:34:12.108,-0.04,-0.115
2021-08-01 01:34:12.112,-0.05,-0.135
2021-08-01 01:34:12.116,-0.03,-0.125
2021-08-01 01:34:12.120,-0.03,-0.095
2021-08-01 01:34:12.124,-0.05,-0.1
2021-08-01 01:34:12.128,-0.04,-0.115
2021-08-01 01:34:12.132,-0.025,-0.12
2021-08-01 01:34:12.136,-0.055,-0.12
2021-08-01 01:34:12.140,-0.04,-0.115
2021-08-01 01:34:12.144,-0.05,-0.11
2021-08-01 01:34:12.148,-0.04,-0.105
2021-08-01 01:34:12.152,-0.04,-0.115
2021-08-01 01:34:12.156,-0.05,-0.105
2021-08-01 01:34:12.160,-0.065,-0.095
2021-08-01 01:34:12.164,-0.05,-0.105
2021-08-01 01:34:12.168,-0.065,-0.11
2021-08-01 01:34:12.172,-0.055,-0.115
2021-08-01 01:34:12.176,-0.065,-0.09
2021-08-01 01:34:12.180,-0.06,-0.07
2021-08-01 01:34:12.184,-0.065,-0.04
2021-08-01 01:34:12.188,-0.055,-0.025
2021-08-01 01:34:12.192,-0.035,-0.01
2021-08-01 01:34:12.196,-0.03,0.015
2021-08-01 01:34:12.200,-0.025,0.02
2021-08-01 01:34:12.204,-0.02,0.015
2021-08-01 01:34:12.208,0.0,0.03
2021-08-01 01:34:12.212,0.01,0.085
2021-08-01 01:34:12.216,-0.01,0.105
2021-08-01 01:34:12.220,-0.01,0.075
2021-08-01 01:34:12.224,-0.025,0.045
2021-08-01 01:34:12.228,-0.04,-0.015
2021-08-01 01:34:12.232,-0.065,-0.045
2021-08-01 01:34:12.236,-0.095,-0.095
2021-08-01 01:34:12.240,-0.105,-0.095
2021-08-01 01:34:12.244,-0.12,-0.1
2021-08-01 01:34:12.248,-0.13,-0.08
2021-08-01 01:34:12.252,-0.11,-0.075
2021-08-01 01:34:12.256,-0.095,-0.07
2021-08-01 01:34:12.260,-0.075,-0.08
2021-08-01 01:34:12.264,-0.095,-0.135
2021-08-01 01:34:12.268,-0.065,-0.15
2021-08-01 01:34:12.272,-0.055,-0.155
2021-08-01 01:34:12.276,-0.06,-0.17
2021-08-01 01:34:12.280,-0.07,-0.18
2021-08-01 01:34:12.284,-0.07,-0.21
2021-08-01 01:34:12.288,-0.085,-0.225
2021-08-01 01:34:12.292,-0.08,-0.21
2021-08-01 01:34:12.296,-0.095,-0.2
2021-08-01 01:34:12.300,-0.085,-0.205
2021-08-01 01:34:12.304,-0.085,-0.205
2021-08-01 01:34:12.308,-0.085,-0.22
2021-08-01 01:34:12.312,-0.1,-0.2
2021-08-01 01:34:12.316,-0.1,-0.22
2021-08-01 01:34:12.320,-0.095,-0.23
2021-08-01 01:34:12.324,-0.105,-0.21
2021-08-01 01:34:12.328,-0.1,-0.225
2021-08-01 01:34:12.332,-0.09,-0.2
2021-08-01 01:34:12.336,-0.095,-0.2
2021-08-01 01:34:12.340,-0.095,-0.205
2021-08-01 01:34:12.344,-0.085,-0.245
2021-08-01 01:34:12.348,-0.085,-0.23
2021-08-01 01:34:12.352,-0.09,-0.15
2021-08-01 01:34:12.356,-0.065,0.01
2021-08-01 01:34:12.360,-0.045,0.25
2021-08-01 01:34:12.364,-0.015,0.515
2021-08-01 01:34:12.368,0.06,0.695
2021-08-01 01:34:12.372,0.145,0.77
2021-08-01 01:34:12.376,0.21,0.755
2021-08-01 01:34:12.380,0.23,0.615
2021-08-01 01:34:12.384,0.17,0.18
2021-08-01 01:34:12.388,0.14,-0.38
2021-08-01 01:34:12.392,0.015,-0.68
2021-08-01 01:34:12.396,-0.225,-0.785
2021-08-01 01:34:12.400,-0.385,-0.78
2021-08-01 01:34:12.404,-0.435,-0.69
2021-08-01 01:34:12.408,-0.445,-0.555
2021-08-01 01:34:12.412,-0.43,-0.445
2021-08-01 01:34:12.416,-0.365,-0.34
2021-08-01 01:34:12.420,-0.27,-0.23
2021-08-01 01:34:12.424,-0.195,-0.21
2021-08-01 01:34:12.428,-0.13,-0.22
2021-08-01 01:34:12.432,-0.105,-0.225
2021-08-01 01:34:12.436,-0.095,-0.23
2021-08-01 01:34:12.440,-0.105,-0.225
2021-08-01 01:34:12.444,-0.105,-0.215
2021-08-01 01:34:12.448,-0.1,-0.215
2021-08-01 01:34:12.452,-0.1,-0.22
2021-08-01 01:34:12.456,-0.115,-0.215
2021-08-01 01:34:12.460,-0.12,-0.2
2021-08-01 01:34:12.464,-0.1,-0.23
2021-08-01 01:34:12.468,-0.105,-0.235
2021-08-01 01:34:12.472,-0.115,-0.215
2021-08-01 01:34:12.476,-0.1,-0.21
2021-08-01 01:34:12.480,-0.115,-0.18
2021-08-01 01:34:12.484,-0.11,-0.19
2021-08-01 01:34:12.488,-0.125,-0.2
2021-08-01 01:34:12.492,-0.1,-0.2
2021-08-01 01:34:12.496,-0.11,-0.215
2021-08-01 01:34:12.500,-0.1,-0.2
2021-08-01 01:34:12.504,-0.115,-0.21
2021-08-01 01:34:12.508,-0.115,-0.2
2021-08-01 01:34:12.512,-0.115,-0.18
2021-08-01 01:34:12.516,-0.115,-0.165
2021-08-01 01:34:12.520,-0.11,-0.175
2021-08-01 01:34:12.524,-0.12,-0.165
2021-08-01 01:34:12.528,-0.145,-0.185
2021-08-01 01:34:12.532,-0.14,-0.18
2021-08-01 01:34:12.536,-0.13,-0.17
2021-08-01 01:34:12.540,-0.13,-0.15
2021-08-01 01:34:12.544,-0.115,-0.16
2021-08-01 01:34:12.548,-0.11,-0.155
2021-08-01 01:34:12.552,-0.125,-0.16
2021-08-01 01:34:12.556,-0.115,-0.145
2021-08-01 01:34:12.560,-0.12,-0.145
2021-08-01 01:34:12.564,-0.125,-0.15
2021-08-01 01:34:12.568,-0.135,-0.13
2021-08-01 01:34:12.572,-0.145,-0.095
2021-08-01 01:34:12.576,-0.13,-0.095
2021-08-01 01:34:12.580,-0.125,-0.08
2021-08-01 01:34:12.584,-0.13,-0.095
2021-08-01 01:34:12.588,-0.12,-0.09
2021-08-01 01:34:12.592,-0.135,-0.08
2021-08-01 01:34:12.596,-0.13,-0.07
2021-08-01 01:34:12.600,-0.125,-0.07
2021-08-01 01:34:12.604,-0.11,-0.065
2021-08-01 01:34:12.608,-0.12,-0.075
2021-08-01 01:34:12.612,-0.105,-0.035
2021-08-01 01:34:12.616,-0.12,-0.055
2021-08-01 01:34:12.620,-0.11,-0.03
2021-08-01 01:34:12.624,-0.12,-0.025
2021-08-01 01:34:12.628,-0.125,-0.02
2021-08-01 01:34:12.632,-0.12,-0.015
2021-08-01 01:34:12.636,-0.115,0.0
2021-08-01 01:34:12.640,-0.115,0.01
2021-08-01 01:34:12.644,-0.12,0.015
2021-08-01 01:34:12.648,-0.115,0.01
2021-08-01 01:34:12.652,-0.1,0.02
2021-08-01 01:34:12.656,-0.095,0.005
2021-08-01 01:34:12.660,-0.09,-0.015
2021-08-01 01:34:12.664,-0.09,-0.02
2021-08-01 01:34:12.668,-0.09,-0.025
2021-08-01 01:34:12.672,-0.085,-0.055
2021-08-01 01:34:12.676,-0.095,-0.045
2021-08-01 01:34:12.680,-0.105,-0.05
2021-08-01 01:34:12.684,-0.095,-0.075
2021-08-01 01:34:12.688,-0.1,-0.075
2021-08-01 01:34:12.692,-0.08,-0.085
2021-08-01 01:34:12.696,-0.09,-0.085
2021-08-01 01:34:12.700,-0.105,-0.105
2021-08-01 01:34:12.704,-0.095,-0.115
2021-08-01 01:34:12.708,-0.1,-0.075
2021-08-01 01:34:12.712,-0.1,-0.07
2021-08-01 01:34:12.716,-0.09,-0.07
2021-08-01 01:34:12.720,-0.1,-0.085
2021-08-01 01:34:12.724,-0.08,-0.075
2021-08-01 01:34:12.728,-0.1,-0.075
2021-08-01 01:34:12.732,-0.095,-0.085
2021-08-01 01:34:12.736,-0.125,-0.09
2021-08-01 01:34:12.740,-0.105,-0.11
2021-08-01 01:34:12.744,-0.08,-0.105
2021-08-01 01:34:12.748,-0.1,-0.08
2021-08-01 01:34:12.752,-0.105,-0.08
2021-08-01 01:34:12.756,-0.09,-0.065
2021-08-01 01:34:12.760,-0.1,-0.07
2021-08-01 01:34:12.764,-0.105,-0.06
2021-08-01 01:34:12.768,-0.09,-0.065
2021-08-01 01:34:12.772,-0.075,-0.065
2021-08-01 01:34:12.776,-0.1,-0.08
2021-08-01 01:34:12.780,-0.08,-0.09
2021-08-01 01:34:12.784,-0.09,-0.105
2021-08-01 01:34:12.788,-0.105,-0.08
2021-08-01 01:34:12.792,-0.095,-0.075
2021-08-01 01:34:12.796,-0.08,-0.08
2021-08-01 01:34:12.800,-0.11,-0.07
2021-08-01 01:34:12.804,-0.11,-0.095
2021-08-01 01:34:12.808,-0.11,-0.105
2021-08-01 01:34:12.812,-0.095,-0.085
2021-08-01 01:34:12.816,-0.095,-0.065
2021-08-01 01:34:12.820,-0.09,-0.065
2021-08-01 01:34:12.824,-0.09,-0.095
2021-08-01 01:34:12.828,-0.09,-0.085
2021-08-01 01:34:12.832,-0.115,-0.07
2021-08-01 01:34:12.836,-0.105,-0.085
2021-08-01 01:34:12.840,-0.105,-0.1
2021-08-01 01:34:12.844,-0.095,-0.095
2021-08-01 01:34:12.848,-0.115,-0.1
2021-08-01 01:34:12.852,-0.095,-0.11
2021-08-01 01:34:12.856,-0.115,-0.115
2021-08-01 01:34:12.860,-0.11,-0.095
2021-08-01 01:34:12.864,-0.11,-0.09
2021-08-01 01:34:12.868,-0.105,-0.095
2021-08-01 01:34:12.872,-0.1,-0.11
2021-08-01 01:34:12.876,-0.08,-0.1
2021-08-01 01:34:12.880,-0.11,-0.1
2021-08-01 01:34:12.884,-0.105,-0.1
2021-08-01 01:34:12.888,-0.11,-0.12
2021-08-01 01:34:12.892,-0.11,-0.12
2021-08-01 01:34:12.896,-0.115,-0.11
2021-08-01 01:34:12.900,-0.115,-0.12
2021-08-01 01:34:12.904,-0.105,-0.12
2021-08-01 01:34:12.908,-0.115,-0.09
2021-08-01 01:34:12.912,-0.115,-0.08
2021-08-01 01:34:12.916,-0.105,-0.03
2021-08-01 01:34:12.920,-0.1,-0.02
2021-08-01 01:34:12.924,-0.085,0.01
2021-08-01 01:34:12.928,-0.07,0.01
2021-08-01 01:34:12.932,-0.055,0.03
2021-08-01 01:34:12.936,-0.05,0.03
2021-08-01 01:34:12.940,-0.025,0.05
2021-08-01 01:34:12.944,-0.02,0.07
2021-08-01 01:34:12.948,-0.02,0.075
2021-08-01 01:34:12.952,-0.025,0.08
2021-08-01 01:34:12.956,-0.025,0.08
2021-08-01 01:34:12.960,-0.055,0.045
2021-08-01 01:34:12.964,-0.08,0.0
2021-08-01 01:34:12.968,-0.095,-0.06
2021-08-01 01:34:12.972,-0.1,-0.085
2021-08-01 01:34:12.976,-0.13,-0.085
2021-08-01 01:34:12.980,-0.165,-0.09
2021-08-01 01:34:12.984,-0.165,-0.08
2021-08-01 01:34:12.988,-0.16,-0.085
2021-08-01 01:34:12.992,-0.12,-0.085
2021-08-01 01:34:12.996,-0.115,-0.13
2021-08-01 01:34:13.000,-0.11,-0.17
2021-08-01 01:34:13.004,-0.09,-0.15
2021-08-01 01:34:13.008,-0.1,-0.155
2021-08-01 01:34:13.012,-0.085,-0.175
2021-08-01 01:34:13.016,-0.1,-0.18
2021-08-01 01:34:13.020,-0.095,-0.205
2021-08-01 01:34:13.024,-0.11,-0.215
2021-08-01 01:34:13.028,-0.12,-0.22
2021-08-01 01:34:13.032,-0.125,-0.21
2021-08-01 01:34:13.036,-0.13,-0.225
2021-08-01 01:34:13.040,-0.115,-0.215
2021-08-01 01:34:13.044,-0.12,-0.225
2021-08-01 01:34:13.048,-0.125,-0.215
2021-08-01 01:34:13.052,-0.1,-0.23
2021-08-01 01:34:13.056,-0.115,-0.215
2021-08-01 01:34:13.060,-0.12,-0.205
2021-08-01 01:34:13.064,-0.115,-0.225
2021-08-01 01:34:13.068,-0.125,-0.22
2021-08-01 01:34:13.072,-0.12,-0.21
2021-08-01 01:34:13.076,-0.105,-0.24
2021-08-01 01:34:13.080,-0.1,-0.26
2021-08-01 01:34:13.084,-0.1,-0.23
2021-08-01 01:34:13.088,-0.095,-0.11
2021-08-01 01:34:13.092,-0.09,0.05
2021-08-01 01:34:13.096,-0.06,0.33
2021-08-01 01:34:13.100,-0.03,0.565
2021-08-01 01:34:13.104,0.045,0.705
2021-08-01 01:34:13.108,0.15,0.735
2021-08-01 01:34:13.112,0.22,0.665
2021-08-01 01:34:13.116,0.225,0.415
2021-08-01 01:34:13.120,0.185,-0.14
2021-08-01 01:34:13.124,0.13,-0.575
2021-08-01 01:34:13.128,-0.03,-0.765
2021-08-01 01:34:13.132,-0.25,-0.815
2021-08-01 01:34:13.136,-0.345,-0.785
2021-08-01 01:34:13.140,-0.435,-0.685
2021-08-01 01:34:13.144,-0.415,-0.555
2021-08-01 01:34:13.148,-0.4,-0.44
2021-08-01 01:34:13.152,-0.345,-0.32
2021-08-01 01:34:13.156,-0.285,-0.245
2021-08-01 01:34:13.160,-0.205,-0.225
2021-08-01 01:34:13.164,-0.155,-0.23
2021-08-01 01:34:13.168,-0.13,-0.225
2021-08-01 01:34:13.172,-0.125,-0.23
2021-08-01 01:34:13.176,-0.11,-0.23
2021-08-01 01:34:13.180,-0.11,-0.245
2021-08-01 01:34:13.184,-0.11,-0.235
2021-08-01 01:34:13.188,-0.105,-0.225
2021-08-01 01:34:13.192,-0.11,-0.215
2021-08-01 01:34:13.196,-0.12,-0.225
2021-08-01 01:34:13.200,-0.115,-0.215
2021-08-01 01:34:13.204,-0.125,-0.22
2021-08-01 01:34:13.208,-0.11,-0.21
2021-08-01 01:34:13.212,-0.13,-0.225
2021-08-01 01:34:13.216,-0.13,-0.22
2021-08-01 01:34:13.220,-0.105,-0.215
2021-08-01 01:34:13.224,-0.13,-0.205
2021-08-01 01:34:13.228,-0.115,-0.21
2021-08-01 01:34:13.232,-0.12,-0.205
2021-08-01 01:34:13.236,-0.12,-0.215
2021-08-01 01:34:13.240,-0.125,-0.2
2021-08-01 01:34:13.244,-0.115,-0.205
2021-08-01 01:34:13.248,-0.12,-0.2
2021-08-01 01:34:13.252,-0.125,-0.19
2021-08-01 01:34:13.256,-0.12,-0.185
2021-08-01 01:34:13.260,-0.115,-0.21
2021-08-01 01:34:13.264,-0.12,-0.19
2021-08-01 01:34:13.268,-0.135,-0.175
2021-08-01 01:34:13.272,-0.135,-0.18
2021-08-01 01:34:13.276,-0.125,-0.17
2021-08-01 01:34:13.280,-0.16,-0.165
2021-08-01 01:34:13.284,-0.14,-0.17
2021-08-01 01:34:13.288,-0.115,-0.14
2021-08-01 01:34:13.292,-0.14,-0.145
2021-08-01 01:34:13.296,-0.13,-0.135
2021-08-01 01:34:13.300,-0.115,-0.145
2021-08-01 01:34:13.304,-0.115,-0.125
2021-08-01 01:34:13.308,-0.115,-0.105
2021-08-01 01:34:13.312,-0.11,-0.11
2021-08-01 01:34:13.316,-0.125,-0.105
2021-08-01 01:34:13.320,-0.135,-0.105
2021-08-01 01:34:13.324,-0.11,-0.095
2021-08-01 01:34:13.328,-0.11,-0.08
2021-08-01 01:34:13.332,-0.125,-0.065
2021-08-01 01:34:13.336,-0.11,-0.065
2021-08-01 01:34:13.340,-0.095,-0.075
2021-08-01 01:34:13.344,-0.105,-0.075
2021-08-01 01:34:13.348,-0.095,-0.05
2021-08-01 01:34:13.352,-0.085,-0.045
2021-08-01 01:34:13.356,-0.09,-0.06
2021-08-01 01:34:13.360,-0.11,-0.04
2021-08-01 01:34:13.364,-0.11,-0.025
2021-08-01 01:34:13.368,-0.09,-0.015
2021-08-01 01:34:13.372,-0.095,0.0
2021-08-01 01:34:13.376,-0.095,-0.005
2021-08-01 01:34:13.380,-0.08,-0.01
2021-08-01 01:34:13.384,-0.075,0.0
2021-08-01 01:34:13.388,-0.08,0.0
2021-08-01 01:34:13.392,-0.065,-0.01
2021-08-01 01:34:13.396,-0.065,-0.04
2021-08-01 01:34:13.400,-0.07,-0.04
2021-08-01 01:34:13.404,-0.065,-0.04
2021-08-01 01:34:13.408,-0.055,-0.055
2021-08-01 01:34:13.412,-0.045,-0.065
2021-08-01 01:34:13.416,-0.06,-0.08
2021-08-01 01:34:13.420,-0.05,-0.1
2021-08-01 01:34:13.424,-0.06,-0.095
2021-08-01 01:34:13.428,-0.055,-0.095
2021-08-01 01:34:13.432,-0.06,-0.085
2021-08-01 01:34:13.436,-0.07,-0.105
2021-08-01 01:34:13.440,-0.055,-0.105
2021-08-01 01:34:13.444,-0.065,-0.12
2021-08-01 01:34:13.448,-0.06,-0.115
2021-08-01 01:34:13.452,-0.075,-0.1
2021-08-01 01:34:13.456,-0.08,-0.1
2021-08-01 01:34:13.460,-0.075,-0.105
2021-08-01 01:34:13.464,-0.055,-0.1
2021-08-01 01:34:13.468,-0.08,-0.08
2021-08-01 01:34:13.472,-0.08,-0.095
2021-08-01 01:34:13.476,-0.055,-0.09
2021-08-01 01:34:13.480,-0.055,-0.095
2021-08-01 01:34:13.484,-0.075,-0.115
2021-08-01 01:34:13.488,-0.065,-0.105
2021-08-01 01:34:13.492,-0.07,-0.08
2021-08-01 01:34:13.496,-0.075,-0.09
2021-08-01 01:34:13.500,-0.075,-0.115
2021-08-01 01:34:13.504,-0.07,-0.09
2021-08-01 01:34:13.508,-0.07,-0.08
2021-08-01 01:34:13.512,-0.08,-0.08
2021-08-01 01:34:13.516,-0.075,-0.09
2021-08-01 01:34:13.520,-0.095,-0.095
2021-08-01 01:34:13.524,-0.09,-0.1
2021-08-01 01:34:13.528,-0.075,-0.095
2021-08-01 01:34:13.532,-0.08,-0.085
2021-08-01 01:34:13.536,-0.085,-0.085
2021-08-01 01:34:13.540,-0.085,-0.085
2021-08-01 01:34:13.544,-0.095,-0.105
2021-08-01 01:34:13.548,-0.08,-0.09
2021-08-01 01:34:13.552,-0.095,-0.1
2021-08-01 01:34:13.556,-0.1,-0.12
2021-08-01 01:34:13.560,-0.09,-0.11
2021-08-01 01:34:13.564,-0.1,-0.11
2021-08-01 01:34:13.568,-0.095,-0.105
2021-08-01 01:34:13.572,-0.085,-0.11
2021-08-01 01:34:13.576,-0.1,-0.115
2021-08-01 01:34:13.580,-0.09,-0.115
2021-08-01 01:34:13.584,-0.085,-0.115
2021-08-01 01:34:13.588,-0.09,-0.125
2021-08-01 01:34:13.592,-0.095,-0.125
2021-08-01 01:34:13.596,-0.105,-0.13
2021-08-01 01:34:13.600,-0.1,-0.125
2021-08-01 01:34:13.604,-0.085,-0.13
2021-08-01 01:34:13.608,-0.095,-0.12
2021-08-01 01:34:13.612,-0.105,-0.13
2021-08-01 01:34:13.616,-0.115,-0.13
2021-08-01 01:34:13.620,-0.1,-0.135
2021-08-01 01:34:13.624,-0.095,-0.13
2021-08-01 01:34:13.628,-0.12,-0.13
2021-08-01 01:34:13.632,-0.105,-0.115
2021-08-01 01:34:13.636,-0.105,-0.12
2021-08-01 01:34:13.640,-0.11,-0.09
2021-08-01 01:34:13.644,-0.12,-0.06
2021-08-01 01:34:13.648,-0.085,-0.05
2021-08-01 01:34:13.652,-0.07,-0.025
2021-08-01 01:34:13.656,-0.07,-0.015
2021-08-01 01:34:13.660,-0.045,0.0
2021-08-01 01:34:13.664,-0.05,0.0
2021-08-01 01:34:13.668,-0.015,0.03
2021-08-01 01:34:13.672,-0.015,0.06
2021-08-01 01:34:13.676,-0.02,0.055
2021-08-01 01:34:13.680,-0.065,0.03
2021-08-01 01:34:13.684,-0.055,-0.005
2021-08-01 01:34:13.688,-0.08,-0.035
2021-08-01 01:34:13.692,-0.095,-0.085
2021-08-01 01:34:13.696,-0.13,-0.12
2021-08-01 01:34:13.700,-0.13,-0.13
2021-08-01 01:34:13.704,-0.155,-0.13
2021-08-01 01:34:13.708,-0.15,-0.115
2021-08-01 01:34:13.712,-0.165,-0.12
2021-08-01 01:34:13.716,-0.145,-0.135
2021-08-01 01:34:13.720,-0.13,-0.125
2021-08-01 01:34:13.724,-0.1,-0.16
2021-08-01 01:34:13.728,-0.11,-0.16
2021-08-01 01:34:13.732,-0.105,-0.195
2021-08-01 01:34:13.736,-0.095,-0.22
2021-08-01 01:34:13.740,-0.08,-0.225
2021-08-01 01:34:13.744,-0.11,-0.23
2021-08-01 01:34:13.748,-0.105,-0.25
2021-08-01 01:34:13.752,-0.115,-0.24
2021-08-01 01:34:13.756,-0.12,-0.26
2021-08-01 01:34:13.760,-0.125,-0.24
2021-08-01 01:34:13.764,-0.115,-0.25
2021-08-01 01:34:13.768,-0.115,-0.245
2021-08-01 01:34:13.772,-0.135,-0.245
2021-08-01 01:34:13.776,-0.125,-0.255
2021-08-01 01:34:13.780,-0.115,-0.26
2021-08-01 01:34:13.784,-0.12,-0.24
2021-08-01 01:34:13.788,-0.12,-0.23
2021-08-01 01:34:13.792,-0.12,-0.235
2021-08-01 01:34:13.796,-0.11,-0.25
2021-08-01 01:34:13.800,-0.12,-0.255
2021-08-01 01:34:13.804,-0.105,-0.29
2021-08-01 01:34:13.808,-0.1,-0.235
2021-08-01 01:34:13.812,-0.095,-0.15
2021-08-01 01:34:13.816,-0.06,0.035
2021-08-01 01:34:13.820,-0.05,0.305
2021-08-01 01:34:13.824,-0.02,0.57
2021-08-01 01:34:13.828,0.065,0.725
2021-08-01 01:34:13.832,0.15,0.73
2021-08-01 01:34:13.836,0.19,0.68
2021-08-01 01:34:13.840,0.175,0.455
2021-08-01 01:34:13.844,0.13,-0.12
2021-08-01 01:34:13.848,0.05,-0.58
2021-08-01 01:34:13.852,-0.115,-0.815
2021-08-01 01:34:13.856,-0.33,-0.875
2021-08-01 01:34:13.860,-0.45,-0.8
2021-08-01 01:34:13.864,-0.5,-0.65
2021-08-01 01:34:13.868,-0.47,-0.535
2021-08-01 01:34:13.872,-0.42,-0.415
2021-08-01 01:34:13.876,-0.335,-0.32
2021-08-01 01:34:13.880,-0.245,-0.275
2021-08-01 01:34:13.884,-0.185,-0.255
2021-08-01 01:34:13.888,-0.125,-0.26
2021-08-01 01:34:13.892,-0.115,-0.26
2021-08-01 01:34:13.896,-0.115,-0.265
2021-08-01 01:34:13.900,-0.115,-0.255
2021-08-01 01:34:13.904,-0.145,-0.265
2021-08-01 01:34:13.908,-0.12,-0.26
2021-08-01 01:34:13.912,-0.115,-0.245
2021-08-01 01:34:13.916,-0.115,-0.245
2021-08-01 01:34:13.920,-0.115,-0.24
2021-08-01 01:34:13.924,-0.115,-0.24
2021-08-01 01:34:13.928,-0.125,-0.24
2021-08-01 01:34:13.932,-0.105,-0.24
2021-08-01 01:34:13.936,-0.115,-0.245
2021-08-01 01:34:13.940,-0.115,-0.25
2021-08-01 01:34:13.944,-0.125,-0.24
2021-08-01 01:34:13.948,-0.115,-0.22
2021-08-01 01:34:13.952,-0.105,-0.225
2021-08-01 01:34:13.956,-0.115,-0.225
2021-08-01 01:34:13.960,-0.13,-0.23
2021-08-01 01:34:13.964,-0.1,-0.24
2021-08-01 01:34:13.968,-0.105,-0.21
2021-08-01 01:34:13.972,-0.13,-0.195
2021-08-01 01:34:13.976,-0.11,-0.22
2021-08-01 01:34:13.980,-0.11,-0.21
2021-08-01 01:34:13.984,-0.105,-0.195
2021-08-01 01:34:13.988,-0.115,-0.185
2021-08-01 01:34:13.992,-0.095,-0.175
2021-08-01 01:34:13.996,-0.11,-0.155
2021-08-01 01:34:14.000,-0.1,-0.185
2021-08-01 01:34:14.004,-0.1,-0.15
2021-08-01 01:34:14.008,-0.1,-0.155
2021-08-01 01:34:14.012,-0.095,-0.125
2021-08-01 01:34:14.016,-0.11,-0.125
2021-08-01 01:34:14.020,-0.105,-0.115
2021-08-01 01:34:14.024,-0.09,-0.095
2021-08-01 01:34:14.028,-0.105,-0.095
2021-08-01 01:34:14.032,-0.08,-0.105
2021-08-01 01:34:14.036,-0.095,-0.09
2021-08-01 01:34:14.040,-0.09,-0.075
2021-08-01 01:34:14.044,-0.09,-0.06
2021-08-01 01:34:14.048,-0.09,-0.04
2021-08-01 01:34:14.052,-0.075,-0.04
2021-08-01 01:34:14.056,-0.1,-0.05
2021-08-01 01:34:14.060,-0.085,-0.065
2021-08-01 01:34:14.064,-0.085,-0.04
2021-08-01 01:34:14.068,-0.065,-0.025
2021-08-01 01:34:14.072,-0.08,-0.01
2021-08-01 01:34:14.076,-0.065,-0.005
2021-08-01 01:34:14.080,-0.06,-0.01
2021-08-01 01:34:14.084,-0.07,-0.015
2021-08-01 01:34:14.088,-0.065,0.005
2021-08-01 01:34:14.092,-0.06,0.005
2021-08-01 01:34:14.096,-0.075,0.02
2021-08-01 01:34:14.100,-0.08,0.005
2021-08-01 01:34:14.104,-0.065,0.015
2021-08-01 01:34:14.108,-0.065,0.02
2021-08-01 01:34:14.112,-0.065,0.02
2021-08-01 01:34:14.116,-0.055,-0.01
2021-08-01 01:34:14.120,-0.055,-0.02
2021-08-01 01:34:14.124,-0.065,-0.02
2021-08-01 01:34:14.128,-0.06,-0.015
2021-08-01 01:34:14.132,-0.04,-0.055
2021-08-01 01:34:14.136,-0.06,-0.05
2021-08-01 01:34:14.140,-0.06,-0.08
2021-08-01 01:34:14.144,-0.06,-0.08
2021-08-01 01:34:14.148,-0.05,-0.07
2021-08-01 01:34:14.152,-0.08,-0.07
2021-08-01 01:34:14.156,-0.08,-0.095
2021-08-01 01:34:14.160,-0.075,-0.1
2021-08-01 01:34:14.164,-0.08,-0.08
2021-08-01 01:34:14.168,-0.06,-0.095
2021-08-01 01:34:14.172,-0.07,-0.09
2021-08-01 01:34:14.176,-0.07,-0.09
2021-08-01 01:34:14.180,-0.07,-0.075
2021-08-01 01:34:14.184,-0.06,-0.095
2021-08-01 01:34:14.188,-0.07,-0.09
2021-08-01 01:34:14.192,-0.07,-0.08
2021-08-01 01:34:14.196,-0.075,-0.095
2021-08-01 01:34:14.200,-0.065,-0.095
2021-08-01 01:34:14.204,-0.075,-0.08
2021-08-01 01:34:14.208,-0.075,-0.075
2021-08-01 01:34:14.212,-0.08,-0.075
2021-08-01 01:34:14.216,-0.085,-0.085
2021-08-01 01:34:14.220,-0.095,-0.08
2021-08-01 01:34:14.224,-0.07,-0.075
2021-08-01 01:34:14.228,-0.06,-0.075
2021-08-01 01:34:14.232,-0.075,-0.075
2021-08-01 01:34:14.236,-0.065,-0.08
2021-08-01 01:34:14.240,-0.06,-0.085
2021-08-01 01:34:14.244,-0.075,-0.07
2021-08-01 01:34:14.248,-0.075,-0.07
2021-08-01 01:34:14.252,-0.065,-0.08
2021-08-01 01:34:14.256,-0.09,-0.09
2021-08-01 01:34:14.260,-0.07,-0.07
2021-08-01 01:34:14.264,-0.07,-0.07
2021-08-01 01:34:14.268,-0.075,-0.08
2021-08-01 01:34:14.272,-0.08,-0.065
2021-08-01 01:34:14.276,-0.085,-0.09
2021-08-01 01:34:14.280,-0.08,-0.095
2021-08-01 01:34:14.284,-0.085,-0.095
2021-08-01 01:34:14.288,-0.07,-0.075
2021-08-01 01:34:14.292,-0.085,-0.09
2021-08-01 01:34:14.296,-0.07,-0.09
2021-08-01 01:34:14.300,-0.085,-0.07
2021-08-01 01:34:14.304,-0.08,-0.095
2021-08-01 01:34:14.308,-0.065,-0.1
2021-08-01 01:34:14.312,-0.08,-0.1
2021-08-01 01:34:14.316,-0.095,-0.11
2021-08-01 01:34:14.320,-0.07,-0.115
2021-08-01 01:34:14.324,-0.095,-0.105
2021-08-01 01:34:14.328,-0.08,-0.1
2021-08-01 01:34:14.332,-0.1,-0.09
2021-08-01 01:34:14.336,-0.09,-0.1
2021-08-01 01:34:14.340,-0.09,-0.095
2021-08-01 01:34:14.344,-0.08,-0.095
2021-08-01 01:34:14.348,-0.07,-0.1
2021-08-01 01:34:14.352,-0.095,-0.09
2021-08-01 01:34:14.356,-0.09,-0.08
2021-08-01 01:34:14.360,-0.09,-0.07
2021-08-01 01:34:14.364,-0.095,-0.035
2021-08-01 01:34:14.368,-0.075,-0.01
2021-08-01 01:34:14.372,-0.055,0.03
2021-08-01 01:34:14.376,-0.035,0.025
2021-08-01 01:34:14.380,-0.025,0.035
2021-08-01 01:34:14.384,-0.015,0.05
2021-08-01 01:34:14.388,-0.015,0.04
2021-08-01 01:34:14.392,-0.005,0.075
2021-08-01 01:34:14.396,-0.02,0.065
2021-08-01 01:34:14.400,-0.035,0.045
2021-08-01 01:34:14.404,-0.06,0.03
2021-08-01 01:34:14.408,-0.085,0.0
2021-08-01 01:34:14.412,-0.11,-0.075
2021-08-01 01:34:14.416,-0.115,-0.115
2021-08-01 01:34:14.420,-0.145,-0.125
2021-08-01 01:34:14.424,-0.135,-0.11
2021-08-01 01:34:14.428,-0.16,-0.09
2021-08-01 01:34:14.432,-0.155,-0.08
2021-08-01 01:34:14.436,-0.13,-0.09
2021-08-01 01:34:14.440,-0.12,-0.1
2021-08-01 01:34:14.444,-0.11,-0.135
2021-08-01 01:34:14.448,-0.105,-0.16
2021-08-01 01:34:14.452,-0.105,-0.17
2021-08-01 01:34:14.456,-0.085,-0.195
2021-08-01 01:34:14.460,-0.07,-0.2
2021-08-01 01:34:14.464,-0.09,-0.205
2021-08-01 01:34:14.468,-0.11,-0.215
2021-08-01 01:34:14.472,-0.11,-0.235
2021-08-01 01:34:14.476,-0.115,-0.24
2021-08-01 01:34:14.480,-0.125,-0.23
2021-08-01 01:34:14.484,-0.11,-0.235
2021-08-01 01:34:14.488,-0.12,-0.23
2021-08-01 01:34:14.492,-0.12,-0.23
2021-08-01 01:34:14.496,-0.125,-0.23
2021-08-01 01:34:14.500,-0.12,-0.24
2021-08-01 01:34:14.504,-0.115,-0.22
2021-08-01 01:34:14.508,-0.115,-0.23
2021-08-01 01:34:14.512,-0.115,-0.235
2021-08-01 01:34:14.516,-0.14,-0.23
2021-08-01 01:34:14.520,-0.12,-0.255
2021-08-01 01:34:14.524,-0.125,-0.25
2021-08-01 01:34:14.528,-0.125,-0.225
2021-08-01 01:34:14.532,-0.115,-0.14
2021-08-01 01:34:14.536,-0.09,0.05
2021-08-01 01:34:14.540,-0.07,0.29
2021-08-01 01:34:14.544,-0.045,0.54
2021-08-01 01:34:14.548,0.045,0.705
2021-08-01 01:34:14.552,0.145,0.72
2021-08-01 01:34:14.556,0.17,0.67
2021-08-01 01:34:14.560,0.155,0.395
2021-08-01 01:34:14.564,0.07,-0.165
2021-08-01 01:34:14.568,0.01,-0.59
2021-08-01 01:34:14.572,-0.18,-0.805
2021-08-01 01:34:14.576,-0.385,-0.835
2021-08-01 01:34:14.580,-0.475,-0.745
2021-08-01 01:34:14.584,-0.5,-0.595
2021-08-01 01:34:14.588,-0.485,-0.465
2021-08-01 01:34:14.592,-0.42,-0.375
2021-08-01 01:34:14.596,-0.325,-0.28
2021-08-01 01:34:14.600,-0.235,-0.25
2021-08-01 01:34:14.604,-0.17,-0.26
2021-08-01 01:34:14.608,-0.145,-0.255
2021-08-01 01:34:14.612,-0.135,-0.265
2021-08-01 01:34:14.616,-0.14,-0.265
2021-08-01 01:34:14.620,-0.125,-0.26
2021-08-01 01:34:14.624,-0.12,-0.245
2021-08-01 01:34:14.628,-0.12,-0.245
2021-08-01 01:34:14.632,-0.12,-0.265
2021-08-01 01:34:14.636,-0.125,-0.26
2021-08-01 01:34:14.640,-0.125,-0.24
2021-08-01 01:34:14.644,-0.125,-0.23
2021-08-01 01:34:14.648,-0.115,-0.25
2021-08-01 01:34:14.652,-0.13,-0.25
2021-08-01 01:34:14.656,-0.12,-0.245
2021-08-01 01:34:14.660,-0.125,-0.245
2021-08-01 01:34:14.664,-0.125,-0.23
2021-08-01 01:34:14.668,-0.145,-0.24
2021-08-01 01:34:14.672,-0.12,-0.25
2021-08-01 01:34:14.676,-0.135,-0.24
2021-08-01 01:34:14.680,-0.12,-0.21
2021-08-01 01:34:14.684,-0.11,-0.215
2021-08-01 01:34:14.688,-0.11,-0.225
2021-08-01 01:34:14.692,-0.12,-0.24
2021-08-01 01:34:14.696,-0.115,-0.215
2021-08-01 01:34:14.700,-0.12,-0.2
2021-08-01 01:34:14.704,-0.11,-0.2
2021-08-01 01:34:14.708,-0.13,-0.185
2021-08-01 01:34:14.712,-0.115,-0.195
2021-08-01 01:34:14.716,-0.11,-0.185
2021-08-01 01:34:14.720,-0.11,-0.18
2021-08-01 01:34:14.724,-0.095,-0.175
2021-08-01 01:34:14.728,-0.12,-0.17
2021-08-01 01:34:14.732,-0.11,-0.16
2021-08-01 01:34:14.736,-0.11,-0.135
2021-08-01 01:34:14.740,-0.125,-0.12
2021-08-01 01:34:14.744,-0.105,-0.115
2021-08-01 01:34:14.748,-0.13,-0.115
2021-08-01 01:34:14.752,-0.105,-0.095
2021-08-01 01:34:14.756,-0.11,-0.095
2021-08-01 01:34:14.760,-0.105,-0.1
2021-08-01 01:34:14.764,-0.115,-0.09
2021-08-01 01:34:14.768,-0.12,-0.09
2021-08-01 01:34:14.772,-0.12,-0.09
2021-08-01 01:34:14.776,-0.105,-0.075
2021-08-01 01:34:14.780,-0.11,-0.08
2021-08-01 01:34:14.784,-0.11,-0.055
2021-08-01 01:34:14.788,-0.105,-0.06
2021-08-01 01:34:14.792,-0.095,-0.06
2021-08-01 01:34:14.796,-0.125,-0.04
2021-08-01 01:34:14.800,-0.11,-0.03
2021-08-01 01:34:14.804,-0.095,-0.01
2021-08-01 01:34:14.808,-0.105,-0.02
2021-08-01 01:34:14.812,-0.085,-0.02
2021-08-01 01:34:14.816,-0.11,-0.005
2021-08-01 01:34:14.820,-0.105,-0.005
2021-08-01 01:34:14.824,-0.09,-0.01
2021-08-01 01:34:14.828,-0.11,-0.01
2021-08-01 01:34:14.832,-0.09,-0.025
2021-08-01 01:34:14.836,-0.09,-0.025
2021-08-01 01:34:14.840,-0.08,-0.025
2021-08-01 01:34:14.844,-0.07,-0.035
2021-08-01 01:34:14.848,-0.08,-0.06
2021-08-01 01:34:14.852,-0.07,-0.075
2021-08-01 01:34:14.856,-0.08,-0.085
2021-08-01 01:34:14.860,-0.08,-0.085
2021-08-01 01:34:14.864,-0.08,-0.11
2021-08-01 01:34:14.868,-0.085,-0.11
2021-08-01 01:34:14.872,-0.08,-0.125
2021-08-01 01:34:14.876,-0.115,-0.135
2021-08-01 01:34:14.880,-0.085,-0.11
2021-08-01 01:34:14.884,-0.11,-0.115
2021-08-01 01:34:14.888,-0.085,-0.1
2021-08-01 01:34:14.892,-0.09,-0.125
2021-08-01 01:34:14.896,-0.1,-0.14
2021-08-01 01:34:14.900,-0.11,-0.125
2021-08-01 01:34:14.904,-0.1,-0.125
2021-08-01 01:34:14.908,-0.105,-0.125
2021-08-01 01:34:14.912,-0.11,-0.125
2021-08-01 01:34:14.916,-0.095,-0.14
2021-08-01 01:34:14.920,-0.085,-0.12
2021-08-01 01:34:14.924,-0.1,-0.105
2021-08-01 01:34:14.928,-0.1,-0.085
2021-08-01 01:34:14.932,-0.1,-0.115
2021-08-01 01:34:14.936,-0.085,-0.105
2021-08-01 01:34:14.940,-0.095,-0.08
2021-08-01 01:34:14.944,-0.095,-0.105
2021-08-01 01:34:14.948,-0.085,-0.085
2021-08-01 01:34:14.952,-0.095,-0.075
2021-08-01 01:34:14.956,-0.095,-0.11
2021-08-01 01:34:14.960,-0.075,-0.105
2021-08-01 01:34:14.964,-0.095,-0.095
2021-08-01 01:34:14.968,-0.105,-0.11
2021-08-01 01:34:14.972,-0.08,-0.095
2021-08-01 01:34:14.976,-0.085,-0.095
2021-08-01 01:34:14.980,-0.1,-0.105
2021-08-01 01:34:14.984,-0.095,-0.115
2021-08-01 01:34:14.988,-0.105,-0.105
2021-08-01 01:34:14.992,-0.095,-0.105
2021-08-01 01:34:14.996,-0.08,-0.125
2021-08-01 01:34:15.000,-0.095,-0.115
2021-08-01 01:34:15.004,-0.11,-0.11
2021-08-01 01:34:15.008,-0.11,-0.12
2021-08-01 01:34:15.012,-0.105,-0.115
2021-08-01 01:34:15.016,-0.105,-0.11
2021-08-01 01:34:15.020,-0.115,-0.1
2021-08-01 01:34:15.024,-0.095,-0.11
2021-08-01 01:34:15.028,-0.105,-0.105
2021-08-01 01:34:15.032,-0.1,-0.11
2021-08-01 01:34:15.036,-0.105,-0.13
2021-08-01 01:34:15.040,-0.09,-0.14
2021-08-01 01:34:15.044,-0.105,-0.135
2021-08-01 01:34:15.048,-0.095,-0.11
2021-08-01 01:34:15.052,-0.11,-0.125
2021-08-01 01:34:15.056,-0.105,-0.13
2021-08-01 01:34:15.060,-0.105,-0.13
2021-08-01 01:34:15.064,-0.115,-0.11
2021-08-01 01:34:15.068,-0.105,-0.115
2021-08-01 01:34:15.072,-0.1,-0.095
2021-08-01 01:34:15.076,-0.095,-0.065
2021-08-01 01:34:15.080,-0.095,-0.03
2021-08-01 01:34:15.084,-0.06,-0.015
2021-08-01 01:34:15.088,-0.065,0.02
2021-08-01 01:34:15.092,-0.05,0.0
2021-08-01 01:34:15.096,-0.03,0.0
2021-08-01 01:34:15.100,-0.01,0.045
2021-08-01 01:34:15.104,-0.015,0.065
2021-08-01 01:34:15.108,-0.025,0.065
2021-08-01 01:34:15.112,-0.03,0.045
2021-08-01 01:34:15.116,-0.065,0.03
2021-08-01 01:34:15.120,-0.07,-0.02
2021-08-01 01:34:15.124,-0.09,-0.07
2021-08-01 01:34:15.128,-0.115,-0.125
2021-08-01 01:34:15.132,-0.145,-0.115
2021-08-01 01:34:15.136,-0.16,-0.105
2021-08-01 01:34:15.140,-0.16,-0.08
2021-08-01 01:34:15.144,-0.18,-0.09
2021-08-01 01:34:15.148,-0.14,-0.1
2021-08-01 01:34:15.152,-0.125,-0.15
2021-08-01 01:34:15.156,-0.11,-0.145
2021-08-01 01:34:15.160,-0.115,-0.18
2021-08-01 01:34:15.164,-0.095,-0.185
2021-08-01 01:34:15.168,-0.105,-0.2
2021-08-01 01:34:15.172,-0.095,-0.2
2021-08-01 01:34:15.176,-0.1,-0.205
2021-08-01 01:34:15.180,-0.11,-0.235
2021-08-01 01:34:15.184,-0.125,-0.225
2021-08-01 01:34:15.188,-0.12,-0.24
2021-08-01 01:34:15.192,-0.135,-0.25
2021-08-01 01:34:15.196,-0.13,-0.235
2021-08-01 01:34:15.200,-0.15,-0.22
2021-08-01 01:34:15.204,-0.12,-0.225
2021-08-01 01:34:15.208,-0.1,-0.23
2021-08-01 01:34:15.212,-0.125,-0.235
2021-08-01 01:34:15.216,-0.135,-0.245
2021-08-01 01:34:15.220,-0.11,-0.23
2021-08-01 01:34:15.224,-0.11,-0.235
2021-08-01 01:34:15.228,-0.12,-0.235
2021-08-01 01:34:15.232,-0.12,-0.24
2021-08-01 01:34:15.236,-0.125,-0.265
2021-08-01 01:34:15.240,-0.11,-0.22
2021-08-01 01:34:15.244,-0.1,-0.11
2021-08-01 01:34:15.248,-0.07,0.095
2021-08-01 01:34:15.252,-0.065,0.355
2021-08-01 01:34:15.256,-0.03,0.58
2021-08-01 01:34:15.260,0.045,0.7
2021-08-01 01:34:15.264,0.145,0.71
2021-08-01 01:34:15.268,0.18,0.65
2021-08-01 01:34:15.272,0.19,0.34
2021-08-01 01:34:15.276,0.155,-0.195
2021-08-01 01:34:15.280,0.095,-0.605
2021-08-01 01:34:15.284,-0.08,-0.815
2021-08-01 01:34:15.288,-0.275,-0.86
2021-08-01 01:34:15.292,-0.42,-0.815
2021-08-01 01:34:15.296,-0.47,-0.715
2021-08-01 01:34:15.300,-0.46,-0.56
2021-08-01 01:34:15.304,-0.445,-0.455
2021-08-01 01:34:15.308,-0.365,-0.34
2021-08-01 01:34:15.312,-0.27,-0.265
2021-08-01 01:34:15.316,-0.215,-0.225
2021-08-01 01:34:15.320,-0.16,-0.25
2021-08-01 01:34:15.324,-0.14,-0.25
2021-08-01 01:34:15.328,-0.145,-0.27
2021-08-01 01:34:15.332,-0.14,-0.27
2021-08-01 01:34:15.336,-0.145,-0.265
2021-08-01 01:34:15.340,-0.145,-0.24
2021-08-01 01:34:15.344,-0.135,-0.235
2021-08-01 01:34:15.348,-0.14,-0.215
2021-08-01 01:34:15.352,-0.14,-0.225
2021-08-01 01:34:15.356,-0.125,-0.24
2021-08-01 01:34:15.360,-0.145,-0.25
2021-08-01 01:34:15.364,-0.14,-0.235
2021-08-01 01:34:15.368,-0.15,-0.265
2021-08-01 01:34:15.372,-0.145,-0.25
2021-08-01 01:34:15.376,-0.14,-0.245
2021-08-01 01:34:15.380,-0.135,-0.245
2021-08-01 01:34:15.384,-0.145,-0.215
2021-08-01 01:34:15.388,-0.135,-0.225
2021-08-01 01:34:15.392,-0.135,-0.24
2021-08-01 01:34:15.396,-0.115,-0.24
2021-08-01 01:34:15.400,-0.13,-0.23
2021-08-01 01:34:15.404,-0.145,-0.225
2021-08-01 01:34:15.408,-0.16,-0.23
2021-08-01 01:34:15.412,-0.15,-0.23
2021-08-01 01:34:15.416,-0.15,-0.215
2021-08-01 01:34:15.420,-0.15,-0.195
2021-08-01 01:34:15.424,-0.145,-0.18
2021-08-01 01:34:15.428,-0.155,-0.185
2021-08-01 01:34:15.432,-0.155,-0.205
2021-08-01 01:34:15.436,-0.14,-0.195
2021-08-01 01:34:15.440,-0.13,-0.19
2021-08-01 01:34:15.444,-0.13,-0.18
2021-08-01 01:34:15.448,-0.14,-0.185
2021-08-01 01:34:15.452,-0.13,-0.165
2021-08-01 01:34:15.456,-0.16,-0.14
2021-08-01 01:34:15.460,-0.145,-0.145
2021-08-01 01:34:15.464,-0.145,-0.14
2021-08-01 01:34:15.468,-0.16,-0.125
2021-08-01 01:34:15.472,-0.145,-0.115
2021-08-01 01:34:15.476,-0.15,-0.11
2021-08-01 01:34:15.480,-0.14,-0.09
2021-08-01 01:34:15.484,-0.145,-0.095
2021-08-01 01:34:15.488,-0.135,-0.1
2021-08-01 01:34:15.492,-0.16,-0.12
2021-08-01 01:34:15.496,-0.155,-0.12
2021-08-01 01:34:15.500,-0.145,-0.075
2021-08-01 01:34:15.504,-0.13,-0.045
2021-08-01 01:34:15.508,-0.14,-0.025
2021-08-01 01:34:15.512,-0.155,-0.04
2021-08-01 01:34:15.516,-0.145,-0.05
2021-08-01 01:34:15.520,-0.15,-0.05
2021-08-01 01:34:15.524,-0.155,-0.035
2021-08-01 01:34:15.528,-0.16,-0.02
2021-08-01 01:34:15.532,-0.14,-0.015
2021-08-01 01:34:15.536,-0.125,0.005
2021-08-01 01:34:15.540,-0.135,0.02
2021-08-01 01:34:15.544,-0.135,0.0
2021-08-01 01:34:15.548,-0.13,-0.02
2021-08-01 01:34:15.552,-0.135,-0.055
2021-08-01 01:34:15.556,-0.125,-0.07
2021-08-01 01:34:15.560,-0.125,-0.06
2021-08-01 01:34:15.564,-0.12,-0.05
2021-08-01 01:34:15.568,-0.105,-0.07
2021-08-01 01:34:15.572,-0.11,-0.085
2021-08-01 01:34:15.576,-0.11,-0.09
2021-08-01 01:34:15.580,-0.11,-0.11
2021-08-01 01:34:15.584,-0.12,-0.125
2021-08-01 01:34:15.588,-0.11,-0.12
2021-08-01 01:34:15.592,-0.14,-0.135
2021-08-01 01:34:15.596,-0.14,-0.135
2021-08-01 01:34:15.600,-0.115,-0.125
2021-08-01 01:34:15.604,-0.11,-0.125
2021-08-01 01:34:15.608,-0.12,-0.105
2021-08-01 01:34:15.612,-0.135,-0.125
2021-08-01 01:34:15.616,-0.13,-0.135
2021-08-01 01:34:15.620,-0.1,-0.13
2021-08-01 01:34:15.624,-0.11,-0.145
2021-08-01 01:34:15.628,-0.11,-0.145
2021-08-01 01:34:15.632,-0.11,-0.14
2021-08-01 01:34:15.636,-0.12,-0.115
2021-08-01 01:34:15.640,-0.11,-0.105
2021-08-01 01:34:15.644,-0.1,-0.1
2021-08-01 01:34:15.648,-0.125,-0.11
2021-08-01 01:34:15.652,-0.12,-0.115
2021-08-01 01:34:15.656,-0.13,-0.12
2021-08-01 01:34:15.660,-0.12,-0.11
2021-08-01 01:34:15.664,-0.12,-0.1
2021-08-01 01:34:15.668,-0.135,-0.115
2021-08-01 01:34:15.672,-0.12,-0.12
2021-08-01 01:34:15.676,-0.125,-0.115
2021-08-01 01:34:15.680,-0.115,-0.12
2021-08-01 01:34:15.684,-0.12,-0.1
2021-08-01 01:34:15.688,-0.125,-0.12
2021-08-01 01:34:15.692,-0.12,-0.125
2021-08-01 01:34:15.696,-0.11,-0.13
2021-08-01 01:34:15.700,-0.115,-0.12
2021-08-01 01:34:15.704,-0.12,-0.125
2021-08-01 01:34:15.708,-0.125,-0.115
2021-08-01 01:34:15.712,-0.12,-0.11
2021-08-01 01:34:15.716,-0.11,-0.11
2021-08-01 01:34:15.720,-0.12,-0.14
2021-08-01 01:34:15.724,-0.115,-0.135
2021-08-01 01:34:15.728,-0.115,-0.14
2021-08-01 01:34:15.732,-0.145,-0.15
2021-08-01 01:34:15.736,-0.135,-0.14
2021-08-01 01:34:15.740,-0.12,-0.135
2021-08-01 01:34:15.744,-0.125,-0.135
2021-08-01 01:34:15.748,-0.12,-0.14
2021-08-01 01:34:15.752,-0.125,-0.145
2021-08-01 01:34:15.756,-0.135,-0.165
2021-08-01 01:34:15.760,-0.115,-0.15
2021-08-01 01:34:15.764,-0.13,-0.145
2021-08-01 01:34:15.768,-0.125,-0.155
2021-08-01 01:34:15.772,-0.14,-0.135
2021-08-01 01:34:15.776,-0.12,-0.11
2021-08-01 01:34:15.780,-0.12,-0.085
2021-08-01 01:34:15.784,-0.13,-0.04
2021-08-01 01:34:15.788,-0.115,-0.01
2021-08-01 01:34:15.792,-0.07,-0.01
2021-08-01 01:34:15.796,-0.07,-0.01
2021-08-01 01:34:15.800,-0.06,0.0
2021-08-01 01:34:15.804,-0.05,0.035
2021-08-01 01:34:15.808,-0.01,0.025
2021-08-01 01:34:15.812,-0.015,0.045
2021-08-01 01:34:15.816,-0.06,0.03
2021-08-01 01:34:15.820,-0.07,0.015
2021-08-01 01:34:15.824,-0.075,-0.035
2021-08-01 01:34:15.828,-0.105,-0.08
2021-08-01 01:34:15.832,-0.13,-0.16
2021-08-01 01:34:15.836,-0.145,-0.17
2021-08-01 01:34:15.840,-0.18,-0.165
2021-08-01 01:34:15.844,-0.19,-0.15
2021-08-01 01:34:15.848,-0.185,-0.145
2021-08-01 01:34:15.852,-0.16,-0.145
2021-08-01 01:34:15.856,-0.145,-0.16
2021-08-01 01:34:15.860,-0.135,-0.165
2021-08-01 01:34:15.864,-0.115,-0.2
2021-08-01 01:34:15.868,-0.12,-0.205
2021-08-01 01:34:15.872,-0.105,-0.225
2021-08-01 01:34:15.876,-0.11,-0.24
2021-08-01 01:34:15.880,-0.11,-0.25
2021-08-01 01:34:15.884,-0.115,-0.27
2021-08-01 01:34:15.888,-0.125,-0.275
2021-08-01 01:34:15.892,-0.145,-0.275
2021-08-01 01:34:15.896,-0.15,-0.285
2021-08-01 01:34:15.900,-0.15,-0.27
2021-08-01 01:34:15.904,-0.14,-0.28
2021-08-01 01:34:15.908,-0.155,-0.28
2021-08-01 01:34:15.912,-0.125,-0.295
2021-08-01 01:34:15.916,-0.125,-0.295
2021-08-01 01:34:15.920,-0.145,-0.28
2021-08-01 01:34:15.924,-0.135,-0.285
2021-08-01 01:34:15.928,-0.13,-0.285
2021-08-01 01:34:15.932,-0.13,-0.285
2021-08-01 01:34:15.936,-0.12,-0.29
2021-08-01 01:34:15.940,-0.125,-0.305
2021-08-01 01:34:15.944,-0.125,-0.3
2021-08-01 01:34:15.948,-0.12,-0.29
2021-08-01 01:34:15.952,-0.11,-0.17
2021-08-01 01:34:15.956,-0.095,0.01
2021-08-01 01:34:15.960,-0.095,0.3
2021-08-01 01:34:15.964,-0.05,0.535
2021-08-01 01:34:15.968,0.03,0.64
2021-08-01 01:34:15.972,0.125,0.67
2021-08-01 01:34:15.976,0.205,0.595
2021-08-01 01:34:15.980,0.2,0.325
2021-08-01 01:34:15.984,0.155,-0.23
2021-08-01 01:34:15.988,0.095,-0.64
2021-08-01 01:34:15.992,-0.065,-0.84
2021-08-01 01:34:15.996,-0.27,-0.85
2021-08-01 01:34:16.000,-0.395,-0.79
2021-08-01 01:34:16.004,-0.44,-0.69
2021-08-01 01:34:16.008,-0.41,-0.565
2021-08-01 01:34:16.012,-0.39,-0.46
2021-08-01 01:34:16.016,-0.335,-0.375
2021-08-01 01:34:16.020,-0.26,-0.3
2021-08-01 01:34:16.024,-0.195,-0.285
2021-08-01 01:34:16.028,-0.15,-0.28
2021-08-01 01:34:16.032,-0.125,-0.32
2021-08-01 01:34:16.036,-0.11,-0.29
2021-08-01 01:34:16.040,-0.11,-0.295
2021-08-01 01:34:16.044,-0.115,-0.285
2021-08-01 01:34:16.048,-0.105,-0.285
2021-08-01 01:34:16.052,-0.105,-0.285
2021-08-01 01:34:16.056,-0.115,-0.285
2021-08-01 01:34:16.060,-0.125,-0.275
2021-08-01 01:34:16.064,-0.115,-0.28
2021-08-01 01:34:16.068,-0.11,-0.28
2021-08-01 01:34:16.072,-0.095,-0.28
2021-08-01 01:34:16.076,-0.095,-0.26
2021-08-01 01:34:16.080,-0.115,-0.27
2021-08-01 01:34:16.084,-0.11,-0.265
2021-08-01 01:34:16.088,-0.095,-0.27
2021-08-01 01:34:16.092,-0.11,-0.26
2021-08-01 01:34:16.096,-0.125,-0.25
2021-08-01 01:34:16.100,-0.115,-0.26
2021-08-01 01:34:16.104,-0.11,-0.26
2021-08-01 01:34:16.108,-0.105,-0.26
2021-08-01 01:34:16.112,-0.115,-0.24
2021-08-01 01:34:16.116,-0.12,-0.25
2021-08-01 01:34:16.120,-0.115,-0.24
2021-08-01 01:34:16.124,-0.11,-0.23
2021-08-01 01:34:16.128,-0.105,-0.245
2021-08-01 01:34:16.132,-0.1,-0.25
2021-08-01 01:34:16.136,-0.1,-0.225
2021-08-01 01:34:16.140,-0.115,-0.215
2021-08-01 01:34:16.144,-0.105,-0.215
2021-08-01 01:34:16.148,-0.125,-0.205
2021-08-01 01:34:16.152,-0.115,-0.2
2021-08-01 01:34:16.156,-0.12,-0.18
2021-08-01 01:34:16.160,-0.105,-0.17
2021-08-01 01:34:16.164,-0.11,-0.165
2021-08-01 01:34:16.168,-0.105,-0.16
2021-08-01 01:34:16.172,-0.095,-0.16
2021-08-01 01:34:16.176,-0.095,-0.15
2021-08-01 01:34:16.180,-0.105,-0.125
2021-08-01 01:34:16.184,-0.105,-0.13
2021-08-01 01:34:16.188,-0.09,-0.12
2021-08-01 01:34:16.192,-0.095,-0.12
2021-08-01 01:34:16.196,-0.09,-0.115
2021-08-01 01:34:16.200,-0.08,-0.11
2021-08-01 01:34:16.204,-0.08,-0.11
2021-08-01 01:34:16.208,-0.095,-0.09
2021-08-01 01:34:16.212,-0.07,-0.095
2021-08-01 01:34:16.216,-0.08,-0.08
2021-08-01 01:34:16.220,-0.09,-0.08
2021-08-01 01:34:16.224,-0.085,-0.07
2021-08-01 01:34:16.228,-0.08,-0.065
2021-08-01 01:34:16.232,-0.08,-0.05
2021-08-01 01:34:16.236,-0.07,-0.025
2021-08-01 01:34:16.240,-0.085,-0.035
2021-08-01 01:34:16.244,-0.055,-0.04
2021-08-01 01:34:16.248,-0.07,-0.045
2021-08-01 01:34:16.252,-0.04,-0.065
2021-08-01 01:34:16.256,-0.05,-0.06
2021-08-01 01:34:16.260,-0.06,-0.08
2021-08-01 01:34:16.264,-0.06,-0.09
2021-08-01 01:34:16.268,-0.065,-0.12
2021-08-01 01:34:16.272,-0.045,-0.115
2021-08-01 01:34:16.276,-0.065,-0.115
2021-08-01 01:34:16.280,-0.055,-0.135
2021-08-01 01:34:16.284,-0.055,-0.145
2021-08-01 01:34:16.288,-0.08,-0.135
2021-08-01 01:34:16.292,-0.075,-0.14
2021-08-01 01:34:16.296,-0.065,-0.14
2021-08-01 01:34:16.300,-0.055,-0.135
2021-08-01 01:34:16.304,-0.055,-0.13
2021-08-01 01:34:16.308,-0.06,-0.135
2021-08-01 01:34:16.312,-0.06,-0.15
2021-08-01 01:34:16.316,-0.06,-0.13
2021-08-01 01:34:16.320,-0.06,-0.15
2021-08-01 01:34:16.324,-0.055,-0.16
2021-08-01 01:34:16.328,-0.08,-0.145
2021-08-01 01:34:16.332,-0.05,-0.14
2021-08-01 01:34:16.336,-0.075,-0.14
2021-08-01 01:34:16.340,-0.065,-0.135
2021-08-01 01:34:16.344,-0.07,-0.11
2021-08-01 01:34:16.348,-0.065,-0.14
2021-08-01 01:34:16.352,-0.06,-0.135
2021-08-01 01:34:16.356,-0.055,-0.12
2021-08-01 01:34:16.360,-0.055,-0.105
2021-08-01 01:34:16.364,-0.05,-0.115
2021-08-01 01:34:16.368,-0.07,-0.125
2021-08-01 01:34:16.372,-0.08,-0.1
2021-08-01 01:34:16.376,-0.07,-0.115
2021-08-01 01:34:16.380,-0.06,-0.11
2021-08-01 01:34:16.384,-0.07,-0.095
2021-08-01 01:34:16.388,-0.075,-0.115
2021-08-01 01:34:16.392,-0.075,-0.13
2021-08-01 01:34:16.396,-0.065,-0.105
2021-08-01 01:34:16.400,-0.065,-0.105
2021-08-01 01:34:16.404,-0.05,-0.13
2021-08-01 01:34:16.408,-0.06,-0.13
2021-08-01 01:34:16.412,-0.08,-0.13
2021-08-01 01:34:16.416,-0.075,-0.13
2021-08-01 01:34:16.420,-0.07,-0.115
2021-08-01 01:34:16.424,-0.07,-0.115
2021-08-01 01:34:16.428,-0.085,-0.125
2021-08-01 01:34:16.432,-0.075,-0.15
2021-08-01 01:34:16.436,-0.07,-0.14
2021-08-01 01:34:16.440,-0.07,-0.125
2021-08-01 01:34:16.444,-0.065,-0.125
2021-08-01 01:34:16.448,-0.085,-0.135
2021-08-01 01:34:16.452,-0.07,-0.14
2021-08-01 01:34:16.456,-0.08,-0.16
2021-08-01 01:34:16.460,-0.085,-0.16
2021-08-01 01:34:16.464,-0.075,-0.13
2021-08-01 01:34:16.468,-0.08,-0.145
2021-08-01 01:34:16.472,-0.075,-0.155
2021-08-01 01:34:16.476,-0.075,-0.13
2021-08-01 01:34:16.480,-0.095,-0.115
2021-08-01 01:34:16.484,-0.07,-0.085
2021-08-01 01:34:16.488,-0.05,-0.08
2021-08-01 01:34:16.492,-0.065,-0.045
2021-08-01 01:34:16.496,-0.03,-0.03
2021-08-01 01:34:16.500,-0.015,-0.015
2021-08-01 01:34:16.504,-0.01,-0.01
2021-08-01 01:34:16.508,0.0,0.005
2021-08-01 01:34:16.512,0.005,0.025
2021-08-01 01:34:16.516,-0.005,0.045
2021-08-01 01:34:16.520,-0.015,0.025
2021-08-01 01:34:16.524,-0.035,-0.01
2021-08-01 01:34:16.528,-0.07,-0.065
2021-08-01 01:34:16.532,-0.1,-0.115
2021-08-01 01:34:16.536,-0.12,-0.145
2021-08-01 01:34:16.540,-0.125,-0.155
2021-08-01 01:34:16.544,-0.16,-0.15
2021-08-01 01:34:16.548,-0.175,-0.15
2021-08-01 01:34:16.552,-0.16,-0.14
2021-08-01 01:34:16.556,-0.15,-0.125
2021-08-01 01:34:16.560,-0.14,-0.15
2021-08-01 01:34:16.564,-0.115,-0.17
2021-08-01 01:34:16.568,-0.09,-0.205
2021-08-01 01:34:16.572,-0.105,-0.225
2021-08-01 01:34:16.576,-0.1,-0.235
2021-08-01 01:34:16.580,-0.08,-0.24
2021-08-01 01:34:16.584,-0.09,-0.25
2021-08-01 01:34:16.588,-0.085,-0.27
2021-08-01 01:34:16.592,-0.115,-0.27
2021-08-01 01:34:16.596,-0.11,-0.27
2021-08-01 01:34:16.600,-0.135,-0.265
2021-08-01 01:34:16.604,-0.125,-0.285
2021-08-01 01:34:16.608,-0.125,-0.29
2021-08-01 01:34:16.612,-0.11,-0.265
2021-08-01 01:34:16.616,-0.14,-0.27
2021-08-01 01:34:16.620,-0.105,-0.275
2021-08-01 01:34:16.624,-0.135,-0.27
2021-08-01 01:34:16.628,-0.125,-0.28
2021-08-01 01:34:16.632,-0.115,-0.285
2021-08-01 01:34:16.636,-0.11,-0.285
2021-08-01 01:34:16.640,-0.12,-0.285
2021-08-01 01:34:16.644,-0.11,-0.315
2021-08-01 01:34:16.648,-0.11,-0.285
2021-08-01 01:34:16.652,-0.08,-0.14
2021-08-01 01:34:16.656,-0.075,0.085
2021-08-01 01:34:16.660,-0.05,0.355
2021-08-01 01:34:16.664,0.005,0.58
2021-08-01 01:34:16.668,0.075,0.7
2021-08-01 01:34:16.672,0.15,0.7
2021-08-01 01:34:16.676,0.195,0.635
2021-08-01 01:34:16.680,0.155,0.355
2021-08-01 01:34:16.684,0.075,-0.19
2021-08-01 01:34:16.688,-0.01,-0.635
2021-08-01 01:34:16.692,-0.19,-0.85
2021-08-01 01:34:16.696,-0.36,-0.87
2021-08-01 01:34:16.700,-0.45,-0.79
2021-08-01 01:34:16.704,-0.49,-0.68
2021-08-01 01:34:16.708,-0.47,-0.545
2021-08-01 01:34:16.712,-0.415,-0.425
2021-08-01 01:34:16.716,-0.32,-0.34
2021-08-01 01:34:16.720,-0.235,-0.295
2021-08-01 01:34:16.724,-0.165,-0.28
2021-08-01 01:34:16.728,-0.14,-0.29
2021-08-01 01:34:16.732,-0.095,-0.285
2021-08-01 01:34:16.736,-0.095,-0.295
2021-08-01 01:34:16.740,-0.11,-0.28
2021-08-01 01:34:16.744,-0.095,-0.305
2021-08-01 01:34:16.748,-0.115,-0.3
2021-08-01 01:34:16.752,-0.105,-0.3
2021-08-01 01:34:16.756,-0.1,-0.28
2021-08-01 01:34:16.760,-0.09,-0.275
2021-08-01 01:34:16.764,-0.11,-0.27
2021-08-01 01:34:16.768,-0.12,-0.285
2021-08-01 01:34:16.772,-0.11,-0.28
2021-08-01 01:34:16.776,-0.11,-0.285
2021-08-01 01:34:16.780,-0.13,-0.27
2021-08-01 01:34:16.784,-0.125,-0.27
2021-08-01 01:34:16.788,-0.085,-0.27
2021-08-01 01:34:16.792,-0.105,-0.27
2021-08-01 01:34:16.796,-0.095,-0.27
2021-08-01 01:34:16.800,-0.105,-0.275
2021-08-01 01:34:16.804,-0.11,-0.26
2021-08-01 01:34:16.808,-0.12,-0.27
2021-08-01 01:34:16.812,-0.115,-0.265
2021-08-01 01:34:16.816,-0.115,-0.255
2021-08-01 01:34:16.820,-0.105,-0.225
2021-08-01 01:34:16.824,-0.105,-0.22
2021-08-01 01:34:16.828,-0.105,-0.22
2021-08-01 01:34:16.832,-0.105,-0.215
2021-08-01 01:34:16.836,-0.105,-0.205
2021-08-01 01:34:16.840,-0.09,-0.205
2021-08-01 01:34:16.844,-0.08,-0.215
2021-08-01 01:34:16.848,-0.115,-0.195
2021-08-01 01:34:16.852,-0.1,-0.195
2021-08-01 01:34:16.856,-0.095,-0.18
2021-08-01 01:34:16.860,-0.085,-0.15
2021-08-01 01:34:16.864,-0.105,-0.16
2021-08-01 01:34:16.868,-0.1,-0.15
2021-08-01 01:34:16.872,-0.09,-0.125
2021-08-01 01:34:16.876,-0.09,-0.11
2021-08-01 01:34:16.880,-0.095,-0.115
2021-08-01 01:34:16.884,-0.085,-0.105
2021-08-01 01:34:16.888,-0.095,-0.105
2021-08-01 01:34:16.892,-0.09,-0.115
2021-08-01 01:34:16.896,-0.09,-0.1
2021-08-01 01:34:16.900,-0.07,-0.065
2021-08-01 01:34:16.904,-0.085,-0.075
2021-08-01 01:34:16.908,-0.085,-0.095
2021-08-01 01:34:16.912,-0.075,-0.065
2021-08-01 01:34:16.916,-0.075,-0.06
2021-08-01 01:34:16.920,-0.085,-0.06
2021-08-01 01:34:16.924,-0.07,-0.05
2021-08-01 01:34:16.928,-0.08,-0.025
2021-08-01 01:34:16.932,-0.065,-0.02
2021-08-01 01:34:16.936,-0.07,-0.025
2021-08-01 01:34:16.940,-0.06,0.0
2021-08-01 01:34:16.944,-0.08,-0.015
2021-08-01 01:34:16.948,-0.055,-0.035
2021-08-01 01:34:16.952,-0.06,-0.05
2021-08-01 01:34:16.956,-0.08,-0.045
2021-08-01 01:34:16.960,-0.07,-0.075
2021-08-01 01:34:16.964,-0.075,-0.075
2021-08-01 01:34:16.968,-0.075,-0.09
2021-08-01 01:34:16.972,-0.06,-0.13
2021-08-01 01:34:16.976,-0.07,-0.115
2021-08-01 01:34:16.980,-0.07,-0.115
2021-08-01 01:34:16.984,-0.08,-0.125
2021-08-01 01:34:16.988,-0.06,-0.14
2021-08-01 01:34:16.992,-0.075,-0.15
2021-08-01 01:34:16.996,-0.065,-0.15
2021-08-01 01:34:17.000,-0.075,-0.13
2021-08-01 01:34:17.004,-0.065,-0.145
2021-08-01 01:34:17.008,-0.08,-0.14
2021-08-01 01:34:17.012,-0.06,-0.12
2021-08-01 01:34:17.016,-0.07,-0.12
2021-08-01 01:34:17.020,-0.06,-0.125
2021-08-01 01:34:17.024,-0.06,-0.135
2021-08-01 01:34:17.028,-0.08,-0.14
2021-08-01 01:34:17.032,-0.06,-0.145
2021-08-01 01:34:17.036,-0.065,-0.13
2021-08-01 01:34:17.040,-0.055,-0.14
2021-08-01 01:34:17.044,-0.065,-0.125
2021-08-01 01:34:17.048,-0.055,-0.13
2021-08-01 01:34:17.052,-0.05,-0.125
2021-08-01 01:34:17.056,-0.06,-0.105
2021-08-01 01:34:17.060,-0.055,-0.12
2021-08-01 01:34:17.064,-0.05,-0.12
2021-08-01 01:34:17.068,-0.055,-0.13
2021-08-01 01:34:17.072,-0.055,-0.125
2021-08-01 01:34:17.076,-0.06,-0.1
2021-08-01 01:34:17.080,-0.055,-0.11
2021-08-01 01:34:17.084,-0.04,-0.13
2021-08-01 01:34:17.088,-0.035,-0.115
2021-08-01 01:34:17.092,-0.025,-0.115
2021-08-01 01:34:17.096,-0.045,-0.11
2021-08-01 01:34:17.100,-0.05,-0.115
2021-08-01 01:34:17.104,-0.065,-0.125
2021-08-01 01:34:17.108,-0.045,-0.13
2021-08-01 01:34:17.112,-0.055,-0.12
2021-08-01 01:34:17.116,-0.05,-0.12
2021-08-01 01:34:17.120,-0.05,-0.13
2021-08-01 01:34:17.124,-0.04,-0.14
2021-08-01 01:34:17.128,-0.05,-0.14
2021-08-01 01:34:17.132,-0.075,-0.12
2021-08-01 01:34:17.136,-0.065,-0.125
2021-08-01 01:34:17.140,-0.065,-0.12
2021-08-01 01:34:17.144,-0.065,-0.12
2021-08-01 01:34:17.148,-0.075,-0.14
2021-08-01 01:34:17.152,-0.05,-0.14
2021-08-01 01:34:17.156,-0.06,-0.14
2021-08-01 01:34:17.160,-0.075,-0.15
2021-08-01 01:34:17.164,-0.065,-0.14
2021-08-01 01:34:17.168,-0.065,-0.155
2021-08-01 01:34:17.172,-0.06,-0.13
2021-08-01 01:34:17.176,-0.055,-0.115
2021-08-01 01:34:17.180,-0.065,-0.105
2021-08-01 01:34:17.184,-0.05,-0.095
2021-08-01 01:34:17.188,-0.05,-0.05
2021-08-01 01:34:17.192,-0.03,-0.015
2021-08-01 01:34:17.196,-0.015,0.005
2021-08-01 01:34:17.200,-0.015,0.0
2021-08-01 01:34:17.204,0.0,0.0
2021-08-01 01:34:17.208,0.0,0.01
2021-08-01 01:34:17.212,0.005,0.04
2021-08-01 01:34:17.216,0.0,0.04
2021-08-01 01:34:17.220,-0.015,0.025
2021-08-01 01:34:17.224,-0.025,-0.01
2021-08-01 01:34:17.228,-0.055,-0.045
2021-08-01 01:34:17.232,-0.075,-0.11
2021-08-01 01:34:17.236,-0.08,-0.13
2021-08-01 01:34:17.240,-0.12,-0.135
2021-08-01 01:34:17.244,-0.16,-0.14
2021-08-01 01:34:17.248,-0.155,-0.14
2021-08-01 01:34:17.252,-0.155,-0.11
2021-08-01 01:34:17.256,-0.12,-0.1
2021-08-01 01:34:17.260,-0.1,-0.13
2021-08-01 01:34:17.264,-0.095,-0.165
2021-08-01 01:34:17.268,-0.07,-0.185
2021-08-01 01:34:17.272,-0.06,-0.18
2021-08-01 01:34:17.276,-0.075,-0.205
2021-08-01 01:34:17.280,-0.065,-0.21
2021-08-01 01:34:17.284,-0.09,-0.24
2021-08-01 01:34:17.288,-0.095,-0.25
2021-08-01 01:34:17.292,-0.075,-0.245
2021-08-01 01:34:17.296,-0.1,-0.225
2021-08-01 01:34:17.300,-0.105,-0.245
2021-08-01 01:34:17.304,-0.105,-0.255
2021-08-01 01:34:17.308,-0.095,-0.255
2021-08-01 01:34:17.312,-0.105,-0.24
2021-08-01 01:34:17.316,-0.08,-0.25
2021-08-01 01:34:17.320,-0.095,-0.255
2021-08-01 01:34:17.324,-0.095,-0.265
2021-08-01 01:34:17.328,-0.09,-0.255
2021-08-01 01:34:17.332,-0.08,-0.25
2021-08-01 01:34:17.336,-0.085,-0.25
2021-08-01 01:34:17.340,-0.085,-0.26
2021-08-01 01:34:17.344,-0.08,-0.295
2021-08-01 01:34:17.348,-0.075,-0.26
2021-08-01 01:34:17.352,-0.065,-0.155
2021-08-01 01:34:17.356,-0.035,0.0
2021-08-01 01:34:17.360,-0.01,0.245
2021-08-01 01:34:17.364,-0.005,0.475
2021-08-01 01:34:17.368,0.065,0.665
2021-08-01 01:34:17.372,0.15,0.7
2021-08-01 01:34:17.376,0.21,0.695
2021-08-01 01:34:17.380,0.195,0.495
2021-08-01 01:34:17.384,0.115,0.0
2021-08-01 01:34:17.388,0.065,-0.52
2021-08-01 01:34:17.392,-0.09,-0.785
2021-08-01 01:34:17.396,-0.28,-0.86
2021-08-01 01:34:17.400,-0.405,-0.8
2021-08-01 01:34:17.404,-0.46,-0.65
2021-08-01 01:34:17.408,-0.44,-0.52
2021-08-01 01:34:17.412,-0.395,-0.44
2021-08-01 01:34:17.416,-0.315,-0.31
2021-08-01 01:34:17.420,-0.22,-0.275
2021-08-01 01:34:17.424,-0.14,-0.27
2021-08-01 01:34:17.428,-0.105,-0.28
2021-08-01 01:34:17.432,-0.09,-0.26
2021-08-01 01:34:17.436,-0.085,-0.265
2021-08-01 01:34:17.440,-0.085,-0.275
2021-08-01 01:34:17.444,-0.075,-0.285
2021-08-01 01:34:17.448,-0.09,-0.275
2021-08-01 01:34:17.452,-0.075,-0.27
2021-08-01 01:34:17.456,-0.09,-0.275
2021-08-01 01:34:17.460,-0.08,-0.28
2021-08-01 01:34:17.464,-0.09,-0.29
2021-08-01 01:34:17.468,-0.09,-0.285
2021-08-01 01:34:17.472,-0.105,-0.26
2021-08-01 01:34:17.476,-0.09,-0.265
2021-08-01 01:34:17.480,-0.09,-0.27
2021-08-01 01:34:17.484,-0.09,-0.265
2021-08-01 01:34:17.488,-0.085,-0.275
2021-08-01 01:34:17.492,-0.075,-0.24
2021-08-01 01:34:17.496,-0.085,-0.245
2021-08-01 01:34:17.500,-0.095,-0.255
2021-08-01 01:34:17.504,-0.095,-0.25
2021-08-01 01:34:17.508,-0.095,-0.26
2021-08-01 01:34:17.512,-0.1,-0.235
2021-08-01 01:34:17.516,-0.085,-0.22
2021-08-01 01:34:17.520,-0.085,-0.21
2021-08-01 01:34:17.524,-0.1,-0.225
2021-08-01 01:34:17.528,-0.105,-0.22
2021-08-01 01:34:17.532,-0.09,-0.215
2021-08-01 01:34:17.536,-0.1,-0.21
2021-08-01 01:34:17.540,-0.105,-0.205
2021-08-01 01:34:17.544,-0.1,-0.2
2021-08-01 01:34:17.548,-0.1,-0.2
2021-08-01 01:34:17.552,-0.1,-0.185
2021-08-01 01:34:17.556,-0.1,-0.16
2021-08-01 01:34:17.560,-0.105,-0.135
2021-08-01 01:34:17.564,-0.09,-0.145
2021-08-01 01:34:17.568,-0.105,-0.14
2021-08-01 01:34:17.572,-0.085,-0.14
2021-08-01 01:34:17.576,-0.095,-0.12
2021-08-01 01:34:17.580,-0.105,-0.11
2021-08-01 01:34:17.584,-0.105,-0.12
2021-08-01 01:34:17.588,-0.095,-0.12
2021-08-01 01:34:17.592,-0.085,-0.08
2021-08-01 01:34:17.596,-0.105,-0.09
2021-08-01 01:34:17.600,-0.1,-0.085
2021-08-01 01:34:17.604,-0.095,-0.08
2021-08-01 01:34:17.608,-0.09,-0.065
2021-08-01 01:34:17.612,-0.075,-0.065
2021-08-01 01:34:17.616,-0.09,-0.04
2021-08-01 01:34:17.620,-0.085,-0.015
2021-08-01 01:34:17.624,-0.08,-0.035
2021-08-01 01:34:17.628,-0.07,-0.045
2021-08-01 01:34:17.632,-0.075,-0.035
2021-08-01 01:34:17.636,-0.085,-0.03
2021-08-01 01:34:17.640,-0.085,-0.015
2021-08-01 01:34:17.644,-0.095,-0.01
2021-08-01 01:34:17.648,-0.085,-0.01
2021-08-01 01:34:17.652,-0.095,-0.02
2021-08-01 01:34:17.656,-0.075,-0.04
2021-08-01 01:34:17.660,-0.065,-0.05
2021-08-01 01:34:17.664,-0.08,-0.065
2021-08-01 01:34:17.668,-0.09,-0.085
2021-08-01 01:34:17.672,-0.07,-0.085
2021-08-01 01:34:17.676,-0.085,-0.095
2021-08-01 01:34:17.680,-0.11,-0.1
2021-08-01 01:34:17.684,-0.07,-0.12
2021-08-01 01:34:17.688,-0.1,-0.135
2021-08-01 01:34:17.692,-0.105,-0.13
2021-08-01 01:34:17.696,-0.11,-0.13
2021-08-01 01:34:17.700,-0.09,-0.145
2021-08-01 01:34:17.704,-0.085,-0.14
2021-08-01 01:34:17.708,-0.09,-0.135
2021-08-01 01:34:17.712,-0.085,-0.125
2021-08-01 01:34:17.716,-0.085,-0.15
2021-08-01 01:34:17.720,-0.105,-0.155
2021-08-01 01:34:17.724,-0.1,-0.155
2021-08-01 01:34:17.728,-0.095,-0.125
2021-08-01 01:34:17.732,-0.11,-0.12
2021-08-01 01:34:17.736,-0.085,-0.105
2021-08-01 01:34:17.740,-0.08,-0.125
2021-08-01 01:34:17.744,-0.08,-0.14
2021-08-01 01:34:17.748,-0.085,-0.14
2021-08-01 01:34:17.752,-0.1,-0.14
2021-08-01 01:34:17.756,-0.08,-0.12
2021-08-01 01:34:17.760,-0.09,-0.1
2021-08-01 01:34:17.764,-0.085,-0.125
2021-08-01 01:34:17.768,-0.06,-0.115
2021-08-01 01:34:17.772,-0.09,-0.105
2021-08-01 01:34:17.776,-0.08,-0.11
2021-08-01 01:34:17.780,-0.075,-0.13
2021-08-01 01:34:17.784,-0.075,-0.145
2021-08-01 01:34:17.788,-0.105,-0.135
2021-08-01 01:34:17.792,-0.095,-0.12
2021-08-01 01:34:17.796,-0.095,-0.12
2021-08-01 01:34:17.800,-0.1,-0.105
2021-08-01 01:34:17.804,-0.09,-0.12
2021-08-01 01:34:17.808,-0.08,-0.14
2021-08-01 01:34:17.812,-0.095,-0.13
2021-08-01 01:34:17.816,-0.09,-0.12
2021-08-01 01:34:17.820,-0.1,-0.14
2021-08-01 01:34:17.824,-0.095,-0.14
2021-08-01 01:34:17.828,-0.1,-0.14
2021-08-01 01:34:17.832,-0.085,-0.145
2021-08-01 01:34:17.836,-0.105,-0.125
2021-08-01 01:34:17.840,-0.1,-0.13
2021-08-01 01:34:17.844,-0.1,-0.15
2021-08-01 01:34:17.848,-0.12,-0.15
2021-08-01 01:34:17.852,-0.085,-0.135
2021-08-01 01:34:17.856,-0.09,-0.135
2021-08-01 01:34:17.860,-0.095,-0.17
2021-08-01 01:34:17.864,-0.105,-0.155
2021-08-01 01:34:17.868,-0.095,-0.155
2021-08-01 01:34:17.872,-0.09,-0.13
2021-08-01 01:34:17.876,-0.09,-0.12
2021-08-01 01:34:17.880,-0.08,-0.095
2021-08-01 01:34:17.884,-0.095,-0.075
2021-08-01 01:34:17.888,-0.095,-0.065
2021-08-01 01:34:17.892,-0.075,-0.02
2021-08-01 01:34:17.896,-0.07,0.0
2021-08-01 01:34:17.900,-0.04,-0.015
2021-08-01 01:34:17.904,-0.035,0.02
2021-08-01 01:34:17.908,-0.035,0.03
2021-08-01 01:34:17.912,-0.02,0.04
2021-08-01 01:34:17.916,-0.015,0.04
2021-08-01 01:34:17.920,-0.04,0.005
2021-08-01 01:34:17.924,-0.07,-0.035
2021-08-01 01:34:17.928,-0.105,-0.055
2021-08-01 01:34:17.932,-0.12,-0.12
2021-08-01 01:34:17.936,-0.15,-0.14
2021-08-01 01:34:17.940,-0.165,-0.16
2021-08-01 01:34:17.944,-0.175,-0.17
2021-08-01 01:34:17.948,-0.185,-0.14
2021-08-01 01:34:17.952,-0.17,-0.14
2021-08-01 01:34:17.956,-0.13,-0.135
2021-08-01 01:34:17.960,-0.14,-0.15
2021-08-01 01:34:17.964,-0.115,-0.175
2021-08-01 01:34:17.968,-0.11,-0.195
2021-08-01 01:34:17.972,-0.12,-0.215
2021-08-01 01:34:17.976,-0.105,-0.22
2021-08-01 01:34:17.980,-0.115,-0.235
2021-08-01 01:34:17.984,-0.115,-0.26
2021-08-01 01:34:17.988,-0.13,-0.25
2021-08-01 01:34:17.992,-0.13,-0.245
2021-08-01 01:34:17.996,-0.125,-0.24
2021-08-01 01:34:18.000,-0.14,-0.23
2021-08-01 01:34:18.004,-0.125,-0.25
2021-08-01 01:34:18.008,-0.145,-0.26
2021-08-01 01:34:18.012,-0.14,-0.255
2021-08-01 01:34:18.016,-0.14,-0.24
2021-08-01 01:34:18.020,-0.14,-0.245
2021-08-01 01:34:18.024,-0.12,-0.24
2021-08-01 01:34:18.028,-0.125,-0.24
2021-08-01 01:34:18.032,-0.13,-0.235
2021-08-01 01:34:18.036,-0.13,-0.24
2021-08-01 01:34:18.040,-0.115,-0.26
2021-08-01 01:34:18.044,-0.135,-0.295
2021-08-01 01:34:18.048,-0.13,-0.26
2021-08-01 01:34:18.052,-0.095,-0.12
2021-08-01 01:34:18.056,-0.095,0.105
2021-08-01 01:34:18.060,-0.08,0.345
2021-08-01 01:34:18.064,-0.025,0.58
2021-08-01 01:34:18.068,0.045,0.685
2021-08-01 01:34:18.072,0.13,0.695
2021-08-01 01:34:18.076,0.18,0.61
2021-08-01 01:34:18.080,0.165,0.28
2021-08-01 01:34:18.084,0.13,-0.3
2021-08-01 01:34:18.088,0.065,-0.665
2021-08-01 01:34:18.092,-0.105,-0.82
2021-08-01 01:34:18.096,-0.295,-0.8
2021-08-01 01:34:18.100,-0.41,-0.77
2021-08-01 01:34:18.104,-0.44,-0.66
2021-08-01 01:34:18.108,-0.44,-0.56
2021-08-01 01:34:18.112,-0.41,-0.425
2021-08-01 01:34:18.116,-0.34,-0.32
2021-08-01 01:34:18.120,-0.255,-0.25
2021-08-01 01:34:18.124,-0.19,-0.24
2021-08-01 01:34:18.128,-0.165,-0.26
2021-08-01 01:34:18.132,-0.135,-0.26
2021-08-01 01:34:18.136,-0.105,-0.245
2021-08-01 01:34:18.140,-0.135,-0.24
2021-08-01 01:34:18.144,-0.125,-0.255
2021-08-01 01:34:18.148,-0.13,-0.24
2021-08-01 01:34:18.152,-0.125,-0.225
2021-08-01 01:34:18.156,-0.14,-0.23
2021-08-01 01:34:18.160,-0.135,-0.235
2021-08-01 01:34:18.164,-0.14,-0.23
2021-08-01 01:34:18.168,-0.135,-0.22
2021-08-01 01:34:18.172,-0.135,-0.22
2021-08-01 01:34:18.176,-0.125,-0.245
2021-08-01 01:34:18.180,-0.13,-0.235
2021-08-01 01:34:18.184,-0.135,-0.25
2021-08-01 01:34:18.188,-0.15,-0.23
2021-08-01 01:34:18.192,-0.135,-0.215
2021-08-01 01:34:18.196,-0.15,-0.185
2021-08-01 01:34:18.200,-0.14,-0.205
2021-08-01 01:34:18.204,-0.15,-0.225
2021-08-01 01:34:18.208,-0.145,-0.225
2021-08-01 01:34:18.212,-0.15,-0.225
2021-08-01 01:34:18.216,-0.15,-0.22
2021-08-01 01:34:18.220,-0.155,-0.215
2021-08-01 01:34:18.224,-0.17,-0.205
2021-08-01 01:34:18.228,-0.16,-0.185
2021-08-01 01:34:18.232,-0.155,-0.18
2021-08-01 01:34:18.236,-0.15,-0.18
2021-08-01 01:34:18.240,-0.145,-0.17
2021-08-01 01:34:18.244,-0.175,-0.17
2021-08-01 01:34:18.248,-0.165,-0.16
2021-08-01 01:34:18.252,-0.175,-0.155
2021-08-01 01:34:18.256,-0.16,-0.14
2021-08-01 01:34:18.260,-0.18,-0.155
2021-08-01 01:34:18.264,-0.16,-0.145
2021-08-01 01:34:18.268,-0.15,-0.12
2021-08-01 01:34:18.272,-0.14,-0.115
2021-08-01 01:34:18.276,-0.15,-0.075
2021-08-01 01:34:18.280,-0.16,-0.07
2021-08-01 01:34:18.284,-0.165,-0.09
2021-08-01 01:34:18.288,-0.155,-0.1
2021-08-01 01:34:18.292,-0.16,-0.08
2021-08-01 01:34:18.296,-0.155,-0.08
2021-08-01 01:34:18.300,-0.14,-0.06
2021-08-01 01:34:18.304,-0.155,-0.04
2021-08-01 01:34:18.308,-0.155,-0.045
2021-08-01 01:34:18.312,-0.145,-0.02
2021-08-01 01:34:18.316,-0.15,-0.015
2021-08-01 01:34:18.320,-0.14,-0.01
2021-08-01 01:34:18.324,-0.14,-0.03
2021-08-01 01:34:18.328,-0.15,-0.02
2021-08-01 01:34:18.332,-0.15,0.005
2021-08-01 01:34:18.336,-0.135,0.015
2021-08-01 01:34:18.340,-0.14,0.03
2021-08-01 01:34:18.344,-0.135,0.04
2021-08-01 01:34:18.348,-0.13,0.03
2021-08-01 01:34:18.352,-0.115,0.025
2021-08-01 01:34:18.356,-0.11,-0.015
2021-08-01 01:34:18.360,-0.125,-0.02
2021-08-01 01:34:18.364,-0.115,-0.03
2021-08-01 01:34:18.368,-0.12,-0.04
2021-08-01 01:34:18.372,-0.105,-0.035
2021-08-01 01:34:18.376,-0.11,-0.045
2021-08-01 01:34:18.380,-0.11,-0.06
2021-08-01 01:34:18.384,-0.115,-0.065
2021-08-01 01:34:18.388,-0.1,-0.065
2021-08-01 01:34:18.392,-0.11,-0.075
2021-08-01 01:34:18.396,-0.12,-0.08
2021-08-01 01:34:18.400,-0.12,-0.095
2021-08-01 01:34:18.404,-0.12,-0.095
2021-08-01 01:34:18.408,-0.105,-0.08
2021-08-01 01:34:18.412,-0.125,-0.075
2021-08-01 01:34:18.416,-0.11,-0.08
2021-08-01 01:34:18.420,-0.115,-0.09
2021-08-01 01:34:18.424,-0.085,-0.08
2021-08-01 01:34:18.428,-0.12,-0.08
2021-08-01 01:34:18.432,-0.115,-0.08
2021-08-01 01:34:18.436,-0.095,-0.075
2021-08-01 01:34:18.440,-0.115,-0.07
2021-08-01 01:34:18.444,-0.11,-0.1
2021-08-01 01:34:18.448,-0.115,-0.1
2021-08-01 01:34:18.452,-0.1,-0.075
2021-08-01 01:34:18.456,-0.12,-0.075
2021-08-01 01:34:18.460,-0.11,-0.07
2021-08-01 01:34:18.464,-0.095,-0.065
2021-08-01 01:34:18.468,-0.11,-0.06
2021-08-01 01:34:18.472,-0.115,-0.07
2021-08-01 01:34:18.476,-0.11,-0.075
2021-08-01 01:34:18.480,-0.11,-0.08
2021-08-01 01:34:18.484,-0.115,-0.08
2021-08-01 01:34:18.488,-0.09,-0.08
2021-08-01 01:34:18.492,-0.105,-0.07
2021-08-01 01:34:18.496,-0.105,-0.06
2021-08-01 01:34:18.500,-0.105,-0.08
2021-08-01 01:34:18.504,-0.1,-0.085
2021-08-01 01:34:18.508,-0.11,-0.08
2021-08-01 01:34:18.512,-0.105,-0.09
2021-08-01 01:34:18.516,-0.095,-0.095
2021-08-01 01:34:18.520,-0.12,-0.085
2021-08-01 01:34:18.524,-0.125,-0.095
2021-08-01 01:34:18.528,-0.11,-0.09
2021-08-01 01:34:18.532,-0.11,-0.095
2021-08-01 01:34:18.536,-0.1,-0.11
2021-08-01 01:34:18.540,-0.115,-0.115
2021-08-01 01:34:18.544,-0.125,-0.115
2021-08-01 01:34:18.548,-0.125,-0.12
2021-08-01 01:34:18.552,-0.11,-0.105
2021-08-01 01:34:18.556,-0.11,-0.12
2021-08-01 01:34:18.560,-0.115,-0.115
2021-08-01 01:34:18.564,-0.12,-0.11
2021-08-01 01:34:18.568,-0.105,-0.11
2021-08-01 01:34:18.572,-0.12,-0.075
2021-08-01 01:34:18.576,-0.11,-0.05
2021-08-01 01:34:18.580,-0.1,-0.035
2021-08-01 01:34:18.584,-0.08,-0.015
2021-08-01 01:34:18.588,-0.09,0.015
2021-08-01 01:34:18.592,-0.07,0.025
2021-08-01 01:34:18.596,-0.05,0.035
2021-08-01 01:34:18.600,-0.04,0.07
2021-08-01 01:34:18.604,-0.03,0.075
2021-08-01 01:34:18.608,-0.035,0.075
2021-08-01 01:34:18.612,-0.035,0.06
2021-08-01 01:34:18.616,-0.065,0.04
2021-08-01 01:34:18.620,-0.1,-0.01
2021-08-01 01:34:18.624,-0.105,-0.075
2021-08-01 01:34:18.628,-0.125,-0.12
2021-08-01 01:34:18.632,-0.15,-0.12
2021-08-01 01:34:18.636,-0.17,-0.125
2021-08-01 01:34:18.640,-0.19,-0.12
2021-08-01 01:34:18.644,-0.185,-0.125
2021-08-01 01:34:18.648,-0.175,-0.125
2021-08-01 01:34:18.652,-0.155,-0.145
2021-08-01 01:34:18.656,-0.135,-0.155
2021-08-01 01:34:18.660,-0.13,-0.185
2021-08-01 01:34:18.664,-0.12,-0.185
2021-08-01 01:34:18.668,-0.115,-0.19
2021-08-01 01:34:18.672,-0.105,-0.205
2021-08-01 01:34:18.676,-0.105,-0.225
2021-08-01 01:34:18.680,-0.11,-0.24
2021-08-01 01:34:18.684,-0.145,-0.24
2021-08-01 01:34:18.688,-0.15,-0.235
2021-08-01 01:34:18.692,-0.15,-0.245
2021-08-01 01:34:18.696,-0.135,-0.23
2021-08-01 01:34:18.700,-0.135,-0.225
2021-08-01 01:34:18.704,-0.14,-0.255
2021-08-01 01:34:18.708,-0.12,-0.245
2021-08-01 01:34:18.712,-0.125,-0.245
2021-08-01 01:34:18.716,-0.15,-0.235
2021-08-01 01:34:18.720,-0.13,-0.235
2021-08-01 01:34:18.724,-0.135,-0.255
2021-08-01 01:34:18.728,-0.12,-0.245
2021-08-01 01:34:18.732,-0.13,-0.27
2021-08-01 01:34:18.736,-0.125,-0.285
2021-08-01 01:34:18.740,-0.12,-0.27
2021-08-01 01:34:18.744,-0.13,-0.19
2021-08-01 01:34:18.748,-0.08,-0.045
2021-08-01 01:34:18.752,-0.06,0.21
2021-08-01 01:34:18.756,-0.055,0.455
2021-08-01 01:34:18.760,0.01,0.66
2021-08-01 01:34:18.764,0.11,0.72
2021-08-01 01:34:18.768,0.185,0.705
2021-08-01 01:34:18.772,0.195,0.555
2021-08-01 01:34:18.776,0.17,0.085
2021-08-01 01:34:18.780,0.12,-0.445
2021-08-01 01:34:18.784,-0.005,-0.735
2021-08-01 01:34:18.788,-0.195,-0.845
2021-08-01 01:34:18.792,-0.35,-0.82
2021-08-01 01:34:18.796,-0.44,-0.745
2021-08-01 01:34:18.800,-0.455,-0.635
2021-08-01 01:34:18.804,-0.445,-0.53
2021-08-01 01:34:18.808,-0.405,-0.41
2021-08-01 01:34:18.812,-0.315,-0.32
2021-08-01 01:34:18.816,-0.255,-0.265
2021-08-01 01:34:18.820,-0.185,-0.25
2021-08-01 01:34:18.824,-0.13,-0.265
2021-08-01 01:34:18.828,-0.11,-0.275
2021-08-01 01:34:18.832,-0.12,-0.265
2021-08-01 01:34:18.836,-0.13,-0.26
2021-08-01 01:34:18.840,-0.14,-0.275
2021-08-01 01:34:18.844,-0.12,-0.285
2021-08-01 01:34:18.848,-0.125,-0.255
2021-08-01 01:34:18.852,-0.14,-0.255
2021-08-01 01:34:18.856,-0.125,-0.26
2021-08-01 01:34:18.860,-0.125,-0.25
2021-08-01 01:34:18.864,-0.145,-0.24
2021-08-01 01:34:18.868,-0.145,-0.255
2021-08-01 01:34:18.872,-0.125,-0.235
2021-08-01 01:34:18.876,-0.135,-0.23
2021-08-01 01:34:18.880,-0.13,-0.25
2021-08-01 01:34:18.884,-0.125,-0.25
2021-08-01 01:34:18.888,-0.125,-0.24
2021-08-01 01:34:18.892,-0.14,-0.24
2021-08-01 01:34:18.896,-0.13,-0.235
2021-08-01 01:34:18.900,-0.15,-0.215
2021-08-01 01:34:18.904,-0.14,-0.23
2021-08-01 01:34:18.908,-0.155,-0.235
2021-08-01 01:34:18.912,-0.12,-0.22
2021-08-01 01:34:18.916,-0.14,-0.205
2021-08-01 01:34:18.920,-0.125,-0.2
2021-08-01 01:34:18.924,-0.125,-0.205
2021-08-01 01:34:18.928,-0.145,-0.2
2021-08-01 01:34:18.932,-0.135,-0.185
2021-08-01 01:34:18.936,-0.145,-0.18
2021-08-01 01:34:18.940,-0.135,-0.185
2021-08-01 01:34:18.944,-0.155,-0.175
2021-08-01 01:34:18.948,-0.135,-0.16
2021-08-01 01:34:18.952,-0.125,-0.145
2021-08-01 01:34:18.956,-0.125,-0.125
2021-08-01 01:34:18.960,-0.115,-0.115
2021-08-01 01:34:18.964,-0.1,-0.12
2021-08-01 01:34:18.968,-0.095,-0.115
2021-08-01 01:34:18.972,-0.105,-0.1
2021-08-01 01:34:18.976,-0.08,-0.095
2021-08-01 01:34:18.980,-0.085,-0.115
2021-08-01 01:34:18.984,-0.08,-0.11
2021-08-01 01:34:18.988,-0.1,-0.11
2021-08-01 01:34:18.992,-0.105,-0.08
2021-08-01 01:34:18.996,-0.1,-0.03
2021-08-01 01:34:19.000,-0.1,-0.035
2021-08-01 01:34:19.004,-0.06,-0.05
2021-08-01 01:34:19.008,-0.05,-0.05
2021-08-01 01:34:19.012,-0.045,-0.03
2021-08-01 01:34:19.016,-0.03,-0.055
2021-08-01 01:34:19.020,-0.005,-0.08
2021-08-01 01:34:19.024,-0.02,-0.07
2021-08-01 01:34:19.028,0.0,-0.04
2021-08-01 01:34:19.032,0.015,0.005
2021-08-01 01:34:19.036,0.0,-0.005
2021-08-01 01:34:19.040,-0.015,-0.005
2021-08-01 01:34:19.044,-0.045,-0.03
2021-08-01 01:34:19.048,-0.08,-0.035
2021-08-01 01:34:19.052,-0.12,-0.06
2021-08-01 01:34:19.056,-0.115,-0.055
2021-08-01 01:34:19.060,-0.09,-0.075
2021-08-01 01:34:19.064,-0.1,-0.08
2021-08-01 01:34:19.068,-0.105,-0.095
2021-08-01 01:34:19.072,-0.1,-0.105
2021-08-01 01:34:19.076,-0.08,-0.085
2021-08-01 01:34:19.080,-0.115,-0.115
2021-08-01 01:34:19.084,-0.1,-0.125
2021-08-01 01:34:19.088,-0.1,-0.12
2021-08-01 01:34:19.092,-0.1,-0.125
2021-08-01 01:34:19.096,-0.095,-0.125
2021-08-01 01:34:19.100,-0.105,-0.14
2021-08-01 01:34:19.104,-0.085,-0.13
2021-08-01 01:34:19.108,-0.105,-0.13
2021-08-01 01:34:19.112,-0.09,-0.12
2021-08-01 01:34:19.116,-0.1,-0.11
2021-08-01 01:34:19.120,-0.105,-0.11
2021-08-01 01:34:19.124,-0.1,-0.11
2021-08-01 01:34:19.128,-0.09,-0.09
2021-08-01 01:34:19.132,-0.095,-0.08
2021-08-01 01:34:19.136,-0.085,-0.105
2021-08-01 01:34:19.140,-0.085,-0.135
2021-08-01 01:34:19.144,-0.1,-0.04
2021-08-01 01:34:19.148,-0.09,0.185
2021-08-01 01:34:19.152,-0.04,0.465
2021-08-01 01:34:19.156,-0.005,0.785
2021-08-01 01:34:19.160,0.05,1.005
2021-08-01 01:34:19.164,0.14,0.94
2021-08-01 01:34:19.168,0.25,0.665
2021-08-01 01:34:19.172,0.205,0.155
2021-08-01 01:34:19.176,0.03,-0.4
2021-08-01 01:34:19.180,-0.21,-0.75
2021-08-01 01:34:19.184,-0.415,-0.85
2021-08-01 01:34:19.188,-0.52,-0.74
2021-08-01 01:34:19.192,-0.56,-0.56
2021-08-01 01:34:19.196,-0.53,-0.41
2021-08-01 01:34:19.200,-0.455,-0.285
2021-08-01 01:34:19.204,-0.37,-0.155
2021-08-01 01:34:19.208,-0.25,-0.14
2021-08-01 01:34:19.212,-0.15,-0.15
2021-08-01 01:34:19.216,-0.135,-0.155
2021-08-01 01:34:19.220,-0.11,-0.165
2021-08-01 01:34:19.224,-0.105,-0.16
2021-08-01 01:34:19.228,-0.115,-0.155
2021-08-01 01:34:19.232,-0.12,-0.16
2021-08-01 01:34:19.236,-0.11,-0.17
2021-08-01 01:34:19.240,-0.11,-0.175
2021-08-01 01:34:19.244,-0.12,-0.175
2021-08-01 01:34:19.248,-0.115,-0.17
2021-08-01 01:34:19.252,-0.11,-0.19
2021-08-01 01:34:19.256,-0.1,-0.19
2021-08-01 01:34:19.260,-0.115,-0.18
2021-08-01 01:34:19.264,-0.11,-0.185
2021-08-01 01:34:19.268,-0.105,-0.185
2021-08-01 01:34:19.272,-0.11,-0.18
2021-08-01 01:34:19.276,-0.13,-0.19
2021-08-01 01:34:19.280,-0.12,-0.19
2021-08-01 01:34:19.284,-0.11,-0.19
2021-08-01 01:34:19.288,-0.12,-0.19
2021-08-01 01:34:19.292,-0.12,-0.185
2021-08-01 01:34:19.296,-0.11,-0.185
2021-08-01 01:34:19.300,-0.13,-0.17
2021-08-01 01:34:19.304,-0.12,-0.175
2021-08-01 01:34:19.308,-0.115,-0.16
2021-08-01 01:34:19.312,-0.125,-0.16
2021-08-01 01:34:19.316,-0.115,-0.16
2021-08-01 01:34:19.320,-0.12,-0.16
2021-08-01 01:34:19.324,-0.125,-0.14
2021-08-01 01:34:19.328,-0.12,-0.14
2021-08-01 01:34:19.332,-0.125,-0.12
2021-08-01 01:34:19.336,-0.115,-0.125
2021-08-01 01:34:19.340,-0.125,-0.115
2021-08-01 01:34:19.344,-0.12,-0.1
2021-08-01 01:34:19.348,-0.1,-0.08
2021-08-01 01:34:19.352,-0.105,-0.07
2021-08-01 01:34:19.356,-0.09,-0.06
2021-08-01 01:34:19.360,-0.09,-0.05
2021-08-01 01:34:19.364,-0.095,-0.045
2021-08-01 01:34:19.368,-0.1,-0.02
2021-08-01 01:34:19.372,-0.11,-0.01
2021-08-01 01:34:19.376,-0.075,-0.02
2021-08-01 01:34:19.380,-0.08,0.0
2021-08-01 01:34:19.384,-0.105,0.025
2021-08-01 01:34:19.388,-0.075,0.035
2021-08-01 01:34:19.392,-0.075,0.06
2021-08-01 01:34:19.396,-0.08,0.065
2021-08-01 01:34:19.400,-0.075,0.055
2021-08-01 01:34:19.404,-0.07,0.075
2021-08-01 01:34:19.408,-0.065,0.07
2021-08-01 01:34:19.412,-0.07,0.085
2021-08-01 01:34:19.416,-0.07,0.105
2021-08-01 01:34:19.420,-0.07,0.1
2021-08-01 01:34:19.424,-0.065,0.085
2021-08-01 01:34:19.428,-0.06,0.08
2021-08-01 01:34:19.432,-0.075,0.075
2021-08-01 01:34:19.436,-0.06,0.045
2021-08-01 01:34:19.440,-0.055,0.025
2021-08-01 01:34:19.444,-0.06,-0.005
2021-08-01 01:34:19.448,-0.07,-0.01
2021-08-01 01:34:19.452,-0.05,-0.04
2021-08-01 01:34:19.456,-0.075,-0.03
2021-08-01 01:34:19.460,-0.08,-0.045
2021-08-01 01:34:19.464,-0.08,-0.045
2021-08-01 01:34:19.468,-0.07,-0.04
2021-08-01 01:34:19.472,-0.075,-0.03
2021-08-01 01:34:19.476,-0.08,-0.06
2021-08-01 01:34:19.480,-0.08,-0.065
2021-08-01 01:34:19.484,-0.08,-0.075
2021-08-01 01:34:19.488,-0.09,-0.065
2021-08-01 01:34:19.492,-0.085,-0.075
2021-08-01 01:34:19.496,-0.09,-0.065
2021-08-01 01:34:19.500,-0.095,-0.07
2021-08-01 01:34:19.504,-0.085,-0.08
2021-08-01 01:34:19.508,-0.085,-0.075
2021-08-01 01:34:19.512,-0.1,-0.06
2021-08-01 01:34:19.516,-0.1,-0.065
2021-08-01 01:34:19.520,-0.095,-0.085
2021-08-01 01:34:19.524,-0.085,-0.08
2021-08-01 01:34:19.528,-0.1,-0.075
2021-08-01 01:34:19.532,-0.095,-0.065
2021-08-01 01:34:19.536,-0.1,-0.09
2021-08-01 01:34:19.540,-0.1,-0.095
2021-08-01 01:34:19.544,-0.09,-0.09
2021-08-01 01:34:19.548,-0.1,-0.095
2021-08-01 01:34:19.552,-0.1,-0.1
2021-08-01 01:34:19.556,-0.12,-0.085
2021-08-01 01:34:19.560,-0.115,-0.1
2021-08-01 01:34:19.564,-0.115,-0.1
2021-08-01 01:34:19.568,-0.11,-0.105
2021-08-01 01:34:19.572,-0.115,-0.1
2021-08-01 01:34:19.576,-0.12,-0.1
2021-08-01 01:34:19.580,-0.11,-0.08
2021-08-01 01:34:19.584,-0.11,-0.105
2021-08-01 01:34:19.588,-0.12,-0.105
2021-08-01 01:34:19.592,-0.12,-0.115
2021-08-01 01:34:19.596,-0.12,-0.125
2021-08-01 01:34:19.600,-0.12,-0.12
2021-08-01 01:34:19.604,-0.11,-0.12
2021-08-01 01:34:19.608,-0.13,-0.12
2021-08-01 01:34:19.612,-0.12,-0.1
2021-08-01 01:34:19.616,-0.12,-0.115
2021-08-01 01:34:19.620,-0.11,-0.12
2021-08-01 01:34:19.624,-0.125,-0.12
2021-08-01 01:34:19.628,-0.12,-0.13
2021-08-01 01:34:19.632,-0.105,-0.115
2021-08-01 01:34:19.636,-0.11,-0.11
2021-08-01 01:34:19.640,-0.125,-0.12
2021-08-01 01:34:19.644,-0.11,-0.11
2021-08-01 01:34:19.648,-0.135,-0.13
2021-08-01 01:34:19.652,-0.13,-0.1
2021-08-01 01:34:19.656,-0.11,-0.135
2021-08-01 01:34:19.660,-0.13,-0.14
2021-08-01 01:34:19.664,-0.105,-0.115
2021-08-01 01:34:19.668,-0.105,-0.115
2021-08-01 01:34:19.672,-0.115,-0.11
2021-08-01 01:34:19.676,-0.115,-0.115
2021-08-01 01:34:19.680,-0.125,-0.11
2021-08-01 01:34:19.684,-0.125,-0.12
2021-08-01 01:34:19.688,-0.13,-0.12
2021-08-01 01:34:19.692,-0.12,-0.11
2021-08-01 01:34:19.696,-0.115,-0.12
2021-08-01 01:34:19.700,-0.095,-0.135
2021-08-01 01:34:19.704,-0.105,-0.135
2021-08-01 01:34:19.708,-0.12,-0.115
2021-08-01 01:34:19.712,-0.13,-0.125
2021-08-01 01:34:19.716,-0.11,-0.115
2021-08-01 01:34:19.720,-0.115,-0.12
2021-08-01 01:34:19.724,-0.1,-0.11
2021-08-01 01:34:19.728,-0.1,-0.11
2021-08-01 01:34:19.732,-0.115,-0.125
2021-08-01 01:34:19.736,-0.105,-0.12
2021-08-01 01:34:19.740,-0.1,-0.12
2021-08-01 01:34:19.744,-0.11,-0.125
2021-08-01 01:34:19.748,-0.115,-0.115
2021-08-01 01:34:19.752,-0.1,-0.12
2021-08-01 01:34:19.756,-0.105,-0.115
2021-08-01 01:34:19.760,-0.1,-0.105
2021-08-01 01:34:19.764,-0.1,-0.115
2021-08-01 01:34:19.768,-0.095,-0.13
2021-08-01 01:34:19.772,-0.105,-0.11
2021-08-01 01:34:19.776,-0.11,-0.12
2021-08-01 01:34:19.780,-0.09,-0.105
2021-08-01 01:34:19.784,-0.11,-0.11
2021-08-01 01:34:19.788,-0.115,-0.095
2021-08-01 01:34:19.792,-0.11,-0.1
2021-08-01 01:34:19.796,-0.115,-0.12
2021-08-01 01:34:19.800,-0.12,-0.15
2021-08-01 01:34:19.804,-0.125,-0.12
2021-08-01 01:34:19.808,-0.1,-0.12
2021-08-01 01:34:19.812,-0.125,-0.12
2021-08-01 01:34:19.816,-0.135,-0.12
2021-08-01 01:34:19.820,-0.115,-0.115
2021-08-01 01:34:19.824,-0.125,-0.125
2021-08-01 01:34:19.828,-0.105,-0.1
2021-08-01 01:34:19.832,-0.11,-0.105
2021-08-01 01:34:19.836,-0.115,-0.115
2021-08-01 01:34:19.840,-0.105,-0.12
2021-08-01 01:34:19.844,-0.115,-0.105
2021-08-01 01:34:19.848,-0.11,-0.115
2021-08-01 01:34:19.852,-0.1,-0.1
2021-08-01 01:34:19.856,-0.11,-0.085
2021-08-01 01:34:19.860,-0.115,-0.075
2021-08-01 01:34:19.864,-0.085,-0.045
2021-08-01 01:34:19.868,-0.09,-0.03
2021-08-01 01:34:19.872,-0.08,-0.02
2021-08-01 01:34:19.876,-0.09,0.0
2021-08-01 01:34:19.880,-0.055,0.01
2021-08-01 01:34:19.884,-0.055,0.045
2021-08-01 01:34:19.888,-0.04,0.06
2021-08-01 01:34:19.892,-0.03,0.07
2021-08-01 01:34:19.896,-0.02,0.09
2021-08-01 01:34:19.900,-0.055,0.085
2021-08-01 01:34:19.904,-0.07,0.02
2021-08-01 01:34:19.908,-0.09,-0.025
2021-08-01 01:34:19.912,-0.115,-0.065
2021-08-01 01:34:19.916,-0.14,-0.125
2021-08-01 01:34:19.920,-0.155,-0.105
2021-08-01 01:34:19.924,-0.175,-0.105
2021-08-01 01:34:19.928,-0.145,-0.095
2021-08-01 01:34:19.932,-0.15,-0.085
2021-08-01 01:34:19.936,-0.145,-0.085
2021-08-01 01:34:19.940,-0.14,-0.085
2021-08-01 01:34:19.944,-0.11,-0.135
2021-08-01 01:34:19.948,-0.115,-0.145
2021-08-01 01:34:19.952,-0.1,-0.165
2021-08-01 01:34:19.956,-0.12,-0.19
2021-08-01 01:34:19.960,-0.095,-0.215
2021-08-01 01:34:19.964,-0.105,-0.215
2021-08-01 01:34:19.968,-0.105,-0.225
2021-08-01 01:34:19.972,-0.13,-0.23
2021-08-01 01:34:19.976,-0.13,-0.25
2021-08-01 01:34:19.980,-0.16,-0.225
2021-08-01 01:34:19.984,-0.145,-0.225
2021-08-01 01:34:19.988,-0.135,-0.225
2021-08-01 01:34:19.992,-0.13,-0.215
2021-08-01 01:34:19.996,-0.13,-0.23
2021-08-01 01:34:20.000,-0.12,-0.21
2021-08-01 01:34:20.004,-0.13,-0.205
2021-08-01 01:34:20.008,-0.13,-0.22
2021-08-01 01:34:20.012,-0.12,-0.225
2021-08-01 01:34:20.016,-0.125,-0.225
2021-08-01 01:34:20.020,-0.135,-0.23
2021-08-01 01:34:20.024,-0.135,-0.22
2021-08-01 01:34:20.028,-0.11,-0.155
2021-08-01 01:34:20.032,-0.09,0.035
2021-08-01 01:34:20.036,-0.075,0.275
2021-08-01 01:34:20.040,-0.025,0.535
2021-08-01 01:34:20.044,0.025,0.77
2021-08-01 01:34:20.048,0.125,0.805
2021-08-01 01:34:20.052,0.175,0.755
2021-08-01 01:34:20.056,0.17,0.64
2021-08-01 01:34:20.060,0.08,0.295
2021-08-01 01:34:20.064,0.01,-0.27
2021-08-01 01:34:20.068,-0.1,-0.635
2021-08-01 01:34:20.072,-0.31,-0.785
2021-08-01 01:34:20.076,-0.47,-0.775
2021-08-01 01:34:20.080,-0.51,-0.655
2021-08-01 01:34:20.084,-0.52,-0.5
2021-08-01 01:34:20.088,-0.46,-0.4
2021-08-01 01:34:20.092,-0.37,-0.315
2021-08-01 01:34:20.096,-0.29,-0.255
2021-08-01 01:34:20.100,-0.215,-0.235
2021-08-01 01:34:20.104,-0.16,-0.24
2021-08-01 01:34:20.108,-0.125,-0.25
2021-08-01 01:34:20.112,-0.115,-0.235
2021-08-01 01:34:20.116,-0.125,-0.225
2021-08-01 01:34:20.120,-0.13,-0.235
2021-08-01 01:34:20.124,-0.13,-0.215
2021-08-01 01:34:20.128,-0.13,-0.205
2021-08-01 01:34:20.132,-0.115,-0.225
2021-08-01 01:34:20.136,-0.105,-0.215
2021-08-01 01:34:20.140,-0.11,-0.215
2021-08-01 01:34:20.144,-0.115,-0.225
2021-08-01 01:34:20.148,-0.105,-0.215
2021-08-01 01:34:20.152,-0.13,-0.205
2021-08-01 01:34:20.156,-0.125,-0.2
2021-08-01 01:34:20.160,-0.13,-0.23
2021-08-01 01:34:20.164,-0.12,-0.205
2021-08-01 01:34:20.168,-0.12,-0.18
2021-08-01 01:34:20.172,-0.12,-0.2
2021-08-01 01:34:20.176,-0.115,-0.19
2021-08-01 01:34:20.180,-0.115,-0.195
2021-08-01 01:34:20.184,-0.13,-0.165
2021-08-01 01:34:20.188,-0.13,-0.19
2021-08-01 01:34:20.192,-0.125,-0.175
2021-08-01 01:34:20.196,-0.12,-0.16
2021-08-01 01:34:20.200,-0.125,-0.16
2021-08-01 01:34:20.204,-0.11,-0.14
2021-08-01 01:34:20.208,-0.105,-0.14
2021-08-01 01:34:20.212,-0.12,-0.14
2021-08-01 01:34:20.216,-0.105,-0.15
2021-08-01 01:34:20.220,-0.125,-0.14
2021-08-01 01:34:20.224,-0.115,-0.11
2021-08-01 01:34:20.228,-0.11,-0.105
2021-08-01 01:34:20.232,-0.105,-0.11
2021-08-01 01:34:20.236,-0.125,-0.115
2021-08-01 01:34:20.240,-0.11,-0.105
2021-08-01 01:34:20.244,-0.125,-0.085
2021-08-01 01:34:20.248,-0.1,-0.075
2021-08-01 01:34:20.252,-0.09,-0.065
2021-08-01 01:34:20.256,-0.105,-0.05
2021-08-01 01:34:20.260,-0.095,-0.06
2021-08-01 01:34:20.264,-0.11,-0.02
2021-08-01 01:34:20.268,-0.105,-0.015
2021-08-01 01:34:20.272,-0.105,-0.01
2021-08-01 01:34:20.276,-0.095,-0.025
2021-08-01 01:34:20.280,-0.105,-0.02
2021-08-01 01:34:20.284,-0.085,-0.005
2021-08-01 01:34:20.288,-0.085,0.02
2021-08-01 01:34:20.292,-0.095,0.01
2021-08-01 01:34:20.296,-0.09,0.015
2021-08-01 01:34:20.300,-0.095,0.035
2021-08-01 01:34:20.304,-0.085,0.03
2021-08-01 01:34:20.308,-0.105,0.045
2021-08-01 01:34:20.312,-0.1,0.05
2021-08-01 01:34:20.316,-0.08,0.06
2021-08-01 01:34:20.320,-0.075,0.065
2021-08-01 01:34:20.324,-0.09,0.08
2021-08-01 01:34:20.328,-0.085,0.095
2021-08-01 01:34:20.332,-0.095,0.09
2021-08-01 01:34:20.336,-0.095,0.095
2021-08-01 01:34:20.340,-0.085,0.1
2021-08-01 01:34:20.344,-0.08,0.105
2021-08-01 01:34:20.348,-0.075,0.095
2021-08-01 01:34:20.352,-0.09,0.07
2021-08-01 01:34:20.356,-0.06,0.06
2021-08-01 01:34:20.360,-0.07,0.065
2021-08-01 01:34:20.364,-0.09,0.045
2021-08-01 01:34:20.368,-0.08,0.015
2021-08-01 01:34:20.372,-0.09,0.0
2021-08-01 01:34:20.376,-0.11,0.01
2021-08-01 01:34:20.380,-0.105,-0.01
2021-08-01 01:34:20.384,-0.11,-0.015
2021-08-01 01:34:20.388,-0.095,0.0
2021-08-01 01:34:20.392,-0.1,-0.02
2021-08-01 01:34:20.396,-0.105,-0.02
2021-08-01 01:34:20.400,-0.12,-0.015
2021-08-01 01:34:20.404,-0.11,-0.04
2021-08-01 01:34:20.408,-0.115,-0.04
2021-08-01 01:34:20.412,-0.12,-0.045
2021-08-01 01:34:20.416,-0.1,-0.025
2021-08-01 01:34:20.420,-0.105,-0.01
2021-08-01 01:34:20.424,-0.115,-0.005
2021-08-01 01:34:20.428,-0.105,-0.005
2021-08-01 01:34:20.432,-0.115,-0.03
2021-08-01 01:34:20.436,-0.105,-0.05
2021-08-01 01:34:20.440,-0.12,-0.015
2021-08-01 01:34:20.444,-0.11,-0.025
2021-08-01 01:34:20.448,-0.1,-0.025
2021-08-01 01:34:20.452,-0.11,-0.03
2021-08-01 01:34:20.456,-0.13,-0.015
2021-08-01 01:34:20.460,-0.135,-0.03
2021-08-01 01:34:20.464,-0.11,-0.015
2021-08-01 01:34:20.468,-0.12,-0.025
2021-08-01 01:34:20.472,-0.12,-0.02
2021-08-01 01:34:20.476,-0.105,-0.045
2021-08-01 01:34:20.480,-0.12,-0.035
2021-08-01 01:34:20.484,-0.125,-0.025
2021-08-01 01:34:20.488,-0.13,-0.04
2021-08-01 01:34:20.492,-0.125,-0.04
2021-08-01 01:34:20.496,-0.11,-0.055
2021-08-01 01:34:20.500,-0.14,-0.065
2021-08-01 01:34:20.504,-0.15,-0.04
2021-08-01 01:34:20.508,-0.135,-0.045
2021-08-01 01:34:20.512,-0.14,-0.05
2021-08-01 01:34:20.516,-0.12,-0.055
2021-08-01 01:34:20.520,-0.14,-0.06
2021-08-01 01:34:20.524,-0.135,-0.065
2021-08-01 01:34:20.528,-0.145,-0.065
2021-08-01 01:34:20.532,-0.135,-0.075
2021-08-01 01:34:20.536,-0.155,-0.075
2021-08-01 01:34:20.540,-0.15,-0.08
2021-08-01 01:34:20.544,-0.14,-0.075
2021-08-01 01:34:20.548,-0.135,-0.07
2021-08-01 01:34:20.552,-0.14,-0.07
2021-08-01 01:34:20.556,-0.135,-0.065
2021-08-01 01:34:20.560,-0.14,-0.02
2021-08-01 01:34:20.564,-0.13,0.01
2021-08-01 01:34:20.568,-0.145,0.03
2021-08-01 01:34:20.572,-0.105,0.05
2021-08-01 01:34:20.576,-0.12,0.05
2021-08-01 01:34:20.580,-0.09,0.04
2021-08-01 01:34:20.584,-0.07,0.065
2021-08-01 01:34:20.588,-0.06,0.1
2021-08-01 01:34:20.592,-0.065,0.095
2021-08-01 01:34:20.596,-0.065,0.105
2021-08-01 01:34:20.600,-0.1,0.065
2021-08-01 01:34:20.604,-0.11,0.045
2021-08-01 01:34:20.608,-0.145,-0.01
2021-08-01 01:34:20.612,-0.155,-0.065
2021-08-01 01:34:20.616,-0.2,-0.08
2021-08-01 01:34:20.620,-0.205,-0.09
2021-08-01 01:34:20.624,-0.205,-0.08
2021-08-01 01:34:20.628,-0.22,-0.08
2021-08-01 01:34:20.632,-0.23,-0.095
2021-08-01 01:34:20.636,-0.195,-0.1
2021-08-01 01:34:20.640,-0.19,-0.115
2021-08-01 01:34:20.644,-0.19,-0.115
2021-08-01 01:34:20.648,-0.16,-0.13
2021-08-01 01:34:20.652,-0.15,-0.145
2021-08-01 01:34:20.656,-0.15,-0.15
2021-08-01 01:34:20.660,-0.155,-0.18
2021-08-01 01:34:20.664,-0.17,-0.2
2021-08-01 01:34:20.668,-0.175,-0.21
2021-08-01 01:34:20.672,-0.185,-0.215
2021-08-01 01:34:20.676,-0.175,-0.215
2021-08-01 01:34:20.680,-0.155,-0.22
2021-08-01 01:34:20.684,-0.17,-0.195
2021-08-01 01:34:20.688,-0.185,-0.185
2021-08-01 01:34:20.692,-0.16,-0.22
2021-08-01 01:34:20.696,-0.17,-0.2
2021-08-01 01:34:20.700,-0.18,-0.2
2021-08-01 01:34:20.704,-0.195,-0.21
2021-08-01 01:34:20.708,-0.175,-0.205
2021-08-01 01:34:20.712,-0.19,-0.215
2021-08-01 01:34:20.716,-0.185,-0.225
2021-08-01 01:34:20.720,-0.185,-0.22
2021-08-01 01:34:20.724,-0.17,-0.215
2021-08-01 01:34:20.728,-0.17,-0.105
2021-08-01 01:34:20.732,-0.14,0.03
2021-08-01 01:34:20.736,-0.16,0.26
2021-08-01 01:34:20.740,-0.12,0.505
2021-08-01 01:34:20.744,-0.05,0.67
2021-08-01 01:34:20.748,0.015,0.69
2021-08-01 01:34:20.752,0.11,0.63
2021-08-01 01:34:20.756,0.125,0.42
2021-08-01 01:34:20.760,0.105,-0.04
2021-08-01 01:34:20.764,0.07,-0.49
2021-08-01 01:34:20.768,-0.06,-0.74
2021-08-01 01:34:20.772,-0.275,-0.83
2021-08-01 01:34:20.776,-0.43,-0.795
2021-08-01 01:34:20.780,-0.475,-0.73
2021-08-01 01:34:20.784,-0.505,-0.6
2021-08-01 01:34:20.788,-0.47,-0.48
2021-08-01 01:34:20.792,-0.42,-0.365
2021-08-01 01:34:20.796,-0.375,-0.265
2021-08-01 01:34:20.800,-0.285,-0.21
2021-08-01 01:34:20.804,-0.22,-0.215
2021-08-01 01:34:20.808,-0.18,-0.23
2021-08-01 01:34:20.812,-0.195,-0.24
2021-08-01 01:34:20.816,-0.2,-0.235
2021-08-01 01:34:20.820,-0.19,-0.235
2021-08-01 01:34:20.824,-0.19,-0.22
2021-08-01 01:34:20.828,-0.18,-0.205
2021-08-01 01:34:20.832,-0.17,-0.22
2021-08-01 01:34:20.836,-0.17,-0.21
2021-08-01 01:34:20.840,-0.175,-0.21
2021-08-01 01:34:20.844,-0.18,-0.185
2021-08-01 01:34:20.848,-0.17,-0.21
2021-08-01 01:34:20.852,-0.19,-0.22
2021-08-01 01:34:20.856,-0.185,-0.195
2021-08-01 01:34:20.860,-0.18,-0.185
2021-08-01 01:34:20.864,-0.185,-0.195
2021-08-01 01:34:20.868,-0.165,-0.215
2021-08-01 01:34:20.872,-0.18,-0.225
2021-08-01 01:34:20.876,-0.185,-0.21
2021-08-01 01:34:20.880,-0.195,-0.175
2021-08-01 01:34:20.884,-0.195,-0.185
2021-08-01 01:34:20.888,-0.19,-0.19
2021-08-01 01:34:20.892,-0.185,-0.2
2021-08-01 01:34:20.896,-0.195,-0.215
2021-08-01 01:34:20.900,-0.19,-0.185
2021-08-01 01:34:20.904,-0.19,-0.17
2021-08-01 01:34:20.908,-0.175,-0.17
2021-08-01 01:34:20.912,-0.2,-0.155
2021-08-01 01:34:20.916,-0.195,-0.14
2021-08-01 01:34:20.920,-0.185,-0.15
2021-08-01 01:34:20.924,-0.18,-0.16
2021-08-01 01:34:20.928,-0.185,-0.155
2021-08-01 01:34:20.932,-0.185,-0.165
2021-08-01 01:34:20.936,-0.2,-0.175
2021-08-01 01:34:20.940,-0.19,-0.135
2021-08-01 01:34:20.944,-0.2,-0.13
2021-08-01 01:34:20.948,-0.18,-0.12
2021-08-01 01:34:20.952,-0.185,-0.105
2021-08-01 01:34:20.956,-0.19,-0.08
2021-08-01 01:34:20.960,-0.19,-0.075
2021-08-01 01:34:20.964,-0.2,-0.1
2021-08-01 01:34:20.968,-0.2,-0.12
2021-08-01 01:34:20.972,-0.2,-0.08
2021-08-01 01:34:20.976,-0.19,-0.08
2021-08-01 01:34:20.980,-0.195,-0.06
2021-08-01 01:34:20.984,-0.195,-0.065
2021-08-01 01:34:20.988,-0.18,-0.06
2021-08-01 01:34:20.992,-0.18,-0.05
2021-08-01 01:34:20.996,-0.18,-0.035
2021-08-01 01:34:21.000,-0.195,-0.025
2021-08-01 01:34:21.004,-0.16,-0.025
2021-08-01 01:34:21.008,-0.175,-0.015
2021-08-01 01:34:21.012,-0.185,0.0
2021-08-01 01:34:21.016,-0.175,0.005
2021-08-01 01:34:21.020,-0.16,0.025
2021-08-01 01:34:21.024,-0.17,0.035
2021-08-01 01:34:21.028,-0.17,0.03
2021-08-01 01:34:21.032,-0.15,0.02
2021-08-01 01:34:21.036,-0.17,0.02
2021-08-01 01:34:21.040,-0.155,0.015
2021-08-01 01:34:21.044,-0.165,0.0
2021-08-01 01:34:21.048,-0.145,-0.005
2021-08-01 01:34:21.052,-0.15,-0.035
2021-08-01 01:34:21.056,-0.15,-0.025
2021-08-01 01:34:21.060,-0.14,-0.035
2021-08-01 01:34:21.064,-0.14,-0.035
2021-08-01 01:34:21.068,-0.15,-0.05
2021-08-01 01:34:21.072,-0.125,-0.065
2021-08-01 01:34:21.076,-0.145,-0.06
2021-08-01 01:34:21.080,-0.13,-0.045
2021-08-01 01:34:21.084,-0.145,-0.055
2021-08-01 01:34:21.088,-0.135,-0.055
2021-08-01 01:34:21.092,-0.14,-0.055
2021-08-01 01:34:21.096,-0.13,-0.06
2021-08-01 01:34:21.100,-0.13,-0.045
2021-08-01 01:34:21.104,-0.135,-0.045
2021-08-01 01:34:21.108,-0.135,-0.05
2021-08-01 01:34:21.112,-0.13,-0.07
2021-08-01 01:34:21.116,-0.115,-0.055
2021-08-01 01:34:21.120,-0.11,-0.035
2021-08-01 01:34:21.124,-0.12,-0.045
2021-08-01 01:34:21.128,-0.13,-0.045
2021-08-01 01:34:21.132,-0.13,-0.04
2021-08-01 01:34:21.136,-0.12,-0.04
2021-08-01 01:34:21.140,-0.13,-0.045
2021-08-01 01:34:21.144,-0.13,-0.04
2021-08-01 01:34:21.148,-0.125,-0.045
2021-08-01 01:34:21.152,-0.14,-0.04
2021-08-01 01:34:21.156,-0.125,-0.04
2021-08-01 01:34:21.160,-0.14,-0.02
2021-08-01 01:34:21.164,-0.155,-0.03
2021-08-01 01:34:21.168,-0.16,-0.04
2021-08-01 01:34:21.172,-0.145,-0.045
2021-08-01 01:34:21.176,-0.155,-0.03
2021-08-01 01:34:21.180,-0.145,-0.05
2021-08-01 01:34:21.184,-0.12,-0.05
2021-08-01 01:34:21.188,-0.14,-0.05
2021-08-01 01:34:21.192,-0.14,-0.07
2021-08-01 01:34:21.196,-0.125,-0.065
2021-08-01 01:34:21.200,-0.14,-0.06
2021-08-01 01:34:21.204,-0.16,-0.055
2021-08-01 01:34:21.208,-0.155,-0.07
2021-08-01 01:34:21.212,-0.12,-0.075
2021-08-01 01:34:21.216,-0.13,-0.06
2021-08-01 01:34:21.220,-0.16,-0.075
2021-08-01 01:34:21.224,-0.15,-0.07
2021-08-01 01:34:21.228,-0.145,-0.09
2021-08-01 01:34:21.232,-0.165,-0.06
2021-08-01 01:34:21.236,-0.145,-0.05
2021-08-01 01:34:21.240,-0.16,-0.07
2021-08-01 01:34:21.244,-0.145,-0.08
2021-08-01 01:34:21.248,-0.165,-0.08
2021-08-01 01:34:21.252,-0.15,-0.055
2021-08-01 01:34:21.256,-0.175,-0.015
2021-08-01 01:34:21.260,-0.15,0.0
2021-08-01 01:34:21.264,-0.145,0.015
2021-08-01 01:34:21.268,-0.115,0.045
2021-08-01 01:34:21.272,-0.115,0.05
2021-08-01 01:34:21.276,-0.095,0.065
2021-08-01 01:34:21.280,-0.075,0.095
2021-08-01 01:34:21.284,-0.075,0.09
2021-08-01 01:34:21.288,-0.065,0.11
2021-08-01 01:34:21.292,-0.095,0.1
2021-08-01 01:34:21.296,-0.11,0.08
2021-08-01 01:34:21.300,-0.115,0.045
2021-08-01 01:34:21.304,-0.17,-0.01
2021-08-01 01:34:21.308,-0.18,-0.075
2021-08-01 01:34:21.312,-0.195,-0.095
2021-08-01 01:34:21.316,-0.215,-0.075
2021-08-01 01:34:21.320,-0.225,-0.07
2021-08-01 01:34:21.324,-0.22,-0.075
2021-08-01 01:34:21.328,-0.205,-0.095
2021-08-01 01:34:21.332,-0.185,-0.09
2021-08-01 01:34:21.336,-0.18,-0.09
2021-08-01 01:34:21.340,-0.18,-0.1
2021-08-01 01:34:21.344,-0.155,-0.13
2021-08-01 01:34:21.348,-0.17,-0.17
2021-08-01 01:34:21.352,-0.15,-0.175
2021-08-01 01:34:21.356,-0.14,-0.175
2021-08-01 01:34:21.360,-0.175,-0.205
2021-08-01 01:34:21.364,-0.185,-0.205
2021-08-01 01:34:21.368,-0.2,-0.205
2021-08-01 01:34:21.372,-0.195,-0.2
2021-08-01 01:34:21.376,-0.19,-0.2
2021-08-01 01:34:21.380,-0.185,-0.18
2021-08-01 01:34:21.384,-0.21,-0.205
2021-08-01 01:34:21.388,-0.195,-0.2
2021-08-01 01:34:21.392,-0.185,-0.205
2021-08-01 01:34:21.396,-0.205,-0.185
2021-08-01 01:34:21.400,-0.2,-0.205
2021-08-01 01:34:21.404,-0.195,-0.21
2021-08-01 01:34:21.408,-0.185,-0.205
2021-08-01 01:34:21.412,-0.195,-0.22
2021-08-01 01:34:21.416,-0.195,-0.22
2021-08-01 01:34:21.420,-0.19,-0.205
2021-08-01 01:34:21.424,-0.18,-0.185
2021-08-01 01:34:21.428,-0.17,-0.07
2021-08-01 01:34:21.432,-0.155,0.165
2021-08-01 01:34:21.436,-0.145,0.425
2021-08-01 01:34:21.440,-0.09,0.64
2021-08-01 01:34:21.444,0.0,0.74
2021-08-01 01:34:21.448,0.095,0.755
2021-08-01 01:34:21.452,0.125,0.655
2021-08-01 01:34:21.456,0.11,0.3
2021-08-01 01:34:21.460,0.05,-0.28
2021-08-01 01:34:21.464,-0.02,-0.655
2021-08-01 01:34:21.468,-0.22,-0.795
2021-08-01 01:34:21.472,-0.39,-0.78
2021-08-01 01:34:21.476,-0.51,-0.7
2021-08-01 01:34:21.480,-0.52,-0.59
2021-08-01 01:34:21.484,-0.48,-0.485
2021-08-01 01:34:21.488,-0.46,-0.37
2021-08-01 01:34:21.492,-0.41,-0.285
2021-08-01 01:34:21.496,-0.315,-0.225
2021-08-01 01:34:21.500,-0.245,-0.225
2021-08-01 01:34:21.504,-0.22,-0.24
2021-08-01 01:34:21.508,-0.195,-0.255
2021-08-01 01:34:21.512,-0.195,-0.23
2021-08-01 01:34:21.516,-0.195,-0.22
2021-08-01 01:34:21.520,-0.205,-0.23
2021-08-01 01:34:21.524,-0.2,-0.23
2021-08-01 01:34:21.528,-0.21,-0.22
2021-08-01 01:34:21.532,-0.205,-0.23
2021-08-01 01:34:21.536,-0.21,-0.21
2021-08-01 01:34:21.540,-0.195,-0.205
2021-08-01 01:34:21.544,-0.205,-0.21
2021-08-01 01:34:21.548,-0.205,-0.225
2021-08-01 01:34:21.552,-0.2,-0.215
2021-08-01 01:34:21.556,-0.205,-0.2
2021-08-01 01:34:21.560,-0.2,-0.205
2021-08-01 01:34:21.564,-0.185,-0.225
2021-08-01 01:34:21.568,-0.205,-0.205
2021-08-01 01:34:21.572,-0.215,-0.215
2021-08-01 01:34:21.576,-0.215,-0.215
2021-08-01 01:34:21.580,-0.205,-0.205
2021-08-01 01:34:21.584,-0.22,-0.2
2021-08-01 01:34:21.588,-0.21,-0.23
2021-08-01 01:34:21.592,-0.205,-0.195
2021-08-01 01:34:21.596,-0.21,-0.195
2021-08-01 01:34:21.600,-0.2,-0.175
2021-08-01 01:34:21.604,-0.21,-0.19
2021-08-01 01:34:21.608,-0.21,-0.175
2021-08-01 01:34:21.612,-0.215,-0.185
2021-08-01 01:34:21.616,-0.195,-0.175
2021-08-01 01:34:21.620,-0.2,-0.165
2021-08-01 01:34:21.624,-0.215,-0.16
2021-08-01 01:34:21.628,-0.215,-0.165
2021-08-01 01:34:21.632,-0.195,-0.14
2021-08-01 01:34:21.636,-0.195,-0.12
2021-08-01 01:34:21.640,-0.195,-0.12
2021-08-01 01:34:21.644,-0.21,-0.14
2021-08-01 01:34:21.648,-0.195,-0.125
2021-08-01 01:34:21.652,-0.2,-0.11
2021-08-01 01:34:21.656,-0.195,-0.11
2021-08-01 01:34:21.660,-0.195,-0.11
2021-08-01 01:34:21.664,-0.195,-0.105
2021-08-01 01:34:21.668,-0.175,-0.1
2021-08-01 01:34:21.672,-0.18,-0.09
2021-08-01 01:34:21.676,-0.185,-0.09
2021-08-01 01:34:21.680,-0.175,-0.075
2021-08-01 01:34:21.684,-0.17,-0.075
2021-08-01 01:34:21.688,-0.16,-0.07
2021-08-01 01:34:21.692,-0.175,-0.035
2021-08-01 01:34:21.696,-0.165,-0.055
2021-08-01 01:34:21.700,-0.155,-0.045
2021-08-01 01:34:21.704,-0.18,-0.04
2021-08-01 01:34:21.708,-0.17,-0.01
2021-08-01 01:34:21.712,-0.175,-0.025
2021-08-01 01:34:21.716,-0.17,-0.02
2021-08-01 01:34:21.720,-0.155,0.0
2021-08-01 01:34:21.724,-0.175,-0.03
2021-08-01 01:34:21.728,-0.14,-0.035
2021-08-01 01:34:21.732,-0.13,-0.035
2021-08-01 01:34:21.736,-0.15,-0.035
2021-08-01 01:34:21.740,-0.16,-0.04
2021-08-01 01:34:21.744,-0.155,-0.07
2021-08-01 01:34:21.748,-0.145,-0.07
2021-08-01 01:34:21.752,-0.145,-0.075
2021-08-01 01:34:21.756,-0.14,-0.08
2021-08-01 01:34:21.760,-0.16,-0.1
2021-08-01 01:34:21.764,-0.155,-0.105
2021-08-01 01:34:21.768,-0.145,-0.095
2021-08-01 01:34:21.772,-0.14,-0.115
2021-08-01 01:34:21.776,-0.16,-0.1
2021-08-01 01:34:21.780,-0.15,-0.12
2021-08-01 01:34:21.784,-0.135,-0.12
2021-08-01 01:34:21.788,-0.15,-0.105
2021-08-01 01:34:21.792,-0.135,-0.095
2021-08-01 01:34:21.796,-0.15,-0.105
2021-08-01 01:34:21.800,-0.145,-0.08
2021-08-01 01:34:21.804,-0.13,-0.105
2021-08-01 01:34:21.808,-0.14,-0.085
2021-08-01 01:34:21.812,-0.135,-0.08
2021-08-01 01:34:21.816,-0.14,-0.085
2021-08-01 01:34:21.820,-0.155,-0.095
2021-08-01 01:34:21.824,-0.13,-0.09
2021-08-01 01:34:21.828,-0.13,-0.1
2021-08-01 01:34:21.832,-0.13,-0.075
2021-08-01 01:34:21.836,-0.15,-0.085
2021-08-01 01:34:21.840,-0.135,-0.065
2021-08-01 01:34:21.844,-0.135,-0.08
2021-08-01 01:34:21.848,-0.135,-0.075
2021-08-01 01:34:21.852,-0.145,-0.08
2021-08-01 01:34:21.856,-0.12,-0.065
2021-08-01 01:34:21.860,-0.125,-0.085
2021-08-01 01:34:21.864,-0.14,-0.08
2021-08-01 01:34:21.868,-0.15,-0.095
2021-08-01 01:34:21.872,-0.14,-0.07
2021-08-01 01:34:21.876,-0.135,-0.095
2021-08-01 01:34:21.880,-0.14,-0.08
2021-08-01 01:34:21.884,-0.14,-0.09
2021-08-01 01:34:21.888,-0.145,-0.1
2021-08-01 01:34:21.892,-0.115,-0.105
2021-08-01 01:34:21.896,-0.135,-0.105
2021-08-01 01:34:21.900,-0.13,-0.08
2021-08-01 01:34:21.904,-0.135,-0.105
2021-08-01 01:34:21.908,-0.12,-0.115
2021-08-01 01:34:21.912,-0.13,-0.095
2021-08-01 01:34:21.916,-0.15,-0.12
2021-08-01 01:34:21.920,-0.14,-0.12
2021-08-01 01:34:21.924,-0.13,-0.13
2021-08-01 01:34:21.928,-0.14,-0.125
2021-08-01 01:34:21.932,-0.13,-0.125
2021-08-01 01:34:21.936,-0.125,-0.115
2021-08-01 01:34:21.940,-0.15,-0.105
2021-08-01 01:34:21.944,-0.155,-0.1
2021-08-01 01:34:21.948,-0.13,-0.1
2021-08-01 01:34:21.952,-0.125,-0.06
2021-08-01 01:34:21.956,-0.14,-0.05
2021-08-01 01:34:21.960,-0.11,-0.02
2021-08-01 01:34:21.964,-0.1,0.0
2021-08-01 01:34:21.968,-0.085,0.01
2021-08-01 01:34:21.972,-0.06,0.01
2021-08-01 01:34:21.976,-0.07,0.035
2021-08-01 01:34:21.980,-0.055,0.045
2021-08-01 01:34:21.984,-0.05,0.05
2021-08-01 01:34:21.988,-0.055,0.035
2021-08-01 01:34:21.992,-0.075,0.025
2021-08-01 01:34:21.996,-0.095,0.0
2021-08-01 01:34:22.000,-0.11,-0.045
2021-08-01 01:34:22.004,-0.135,-0.11
2021-08-01 01:34:22.008,-0.16,-0.125
2021-08-01 01:34:22.012,-0.18,-0.125
2021-08-01 01:34:22.016,-0.185,-0.1
2021-08-01 01:34:22.020,-0.205,-0.1
2021-08-01 01:34:22.024,-0.175,-0.11
2021-08-01 01:34:22.028,-0.165,-0.13
2021-08-01 01:34:22.032,-0.16,-0.13
2021-08-01 01:34:22.036,-0.135,-0.15
2021-08-01 01:34:22.040,-0.115,-0.17
2021-08-01 01:34:22.044,-0.125,-0.19
2021-08-01 01:34:22.048,-0.115,-0.21
2021-08-01 01:34:22.052,-0.12,-0.21
2021-08-01 01:34:22.056,-0.115,-0.205
2021-08-01 01:34:22.060,-0.115,-0.215
2021-08-01 01:34:22.064,-0.16,-0.235
2021-08-01 01:34:22.068,-0.15,-0.24
2021-08-01 01:34:22.072,-0.16,-0.22
2021-08-01 01:34:22.076,-0.145,-0.215
2021-08-01 01:34:22.080,-0.14,-0.21
2021-08-01 01:34:22.084,-0.135,-0.225
2021-08-01 01:34:22.088,-0.135,-0.24
2021-08-01 01:34:22.092,-0.125,-0.235
2021-08-01 01:34:22.096,-0.125,-0.2
2021-08-01 01:34:22.100,-0.12,-0.21
2021-08-01 01:34:22.104,-0.14,-0.215
2021-08-01 01:34:22.108,-0.115,-0.24
2021-08-01 01:34:22.112,-0.125,-0.24
2021-08-01 01:34:22.116,-0.12,-0.215
2021-08-01 01:34:22.120,-0.1,-0.095
2021-08-01 01:34:22.124,-0.07,0.12
2021-08-01 01:34:22.128,-0.065,0.375
2021-08-01 01:34:22.132,-0.025,0.62
2021-08-01 01:34:22.136,0.07,0.745
2021-08-01 01:34:22.140,0.16,0.74
2021-08-01 01:34:22.144,0.19,0.67
2021-08-01 01:34:22.148,0.17,0.365
2021-08-01 01:34:22.152,0.095,-0.175
2021-08-01 01:34:22.156,0.015,-0.575
2021-08-01 01:34:22.160,-0.2,-0.785
2021-08-01 01:34:22.164,-0.37,-0.82
2021-08-01 01:34:22.168,-0.485,-0.74
2021-08-01 01:34:22.172,-0.495,-0.605
2021-08-01 01:34:22.176,-0.465,-0.475
2021-08-01 01:34:22.180,-0.41,-0.38
2021-08-01 01:34:22.184,-0.335,-0.3
2021-08-01 01:34:22.188,-0.235,-0.255
2021-08-01 01:34:22.192,-0.16,-0.24
2021-08-01 01:34:22.196,-0.14,-0.24
2021-08-01 01:34:22.200,-0.125,-0.23
2021-08-01 01:34:22.204,-0.115,-0.255
2021-08-01 01:34:22.208,-0.13,-0.225
2021-08-01 01:34:22.212,-0.125,-0.22
2021-08-01 01:34:22.216,-0.135,-0.24
2021-08-01 01:34:22.220,-0.12,-0.25
2021-08-01 01:34:22.224,-0.135,-0.23
2021-08-01 01:34:22.228,-0.13,-0.23
2021-08-01 01:34:22.232,-0.12,-0.235
2021-08-01 01:34:22.236,-0.13,-0.215
2021-08-01 01:34:22.240,-0.145,-0.235
2021-08-01 01:34:22.244,-0.13,-0.23
2021-08-01 01:34:22.248,-0.115,-0.23
2021-08-01 01:34:22.252,-0.135,-0.21
2021-08-01 01:34:22.256,-0.115,-0.205
2021-08-01 01:34:22.260,-0.125,-0.23
2021-08-01 01:34:22.264,-0.13,-0.22
2021-08-01 01:34:22.268,-0.115,-0.205
2021-08-01 01:34:22.272,-0.125,-0.21
2021-08-01 01:34:22.276,-0.115,-0.19
2021-08-01 01:34:22.280,-0.11,-0.19
2021-08-01 01:34:22.284,-0.125,-0.19
2021-08-01 01:34:22.288,-0.105,-0.19
2021-08-01 01:34:22.292,-0.125,-0.175
2021-08-01 01:34:22.296,-0.11,-0.17
2021-08-01 01:34:22.300,-0.13,-0.17
2021-08-01 01:34:22.304,-0.125,-0.17
2021-08-01 01:34:22.308,-0.135,-0.15
2021-08-01 01:34:22.312,-0.14,-0.15
2021-08-01 01:34:22.316,-0.115,-0.15
2021-08-01 01:34:22.320,-0.105,-0.13
2021-08-01 01:34:22.324,-0.12,-0.14
2021-08-01 01:34:22.328,-0.12,-0.125
2021-08-01 01:34:22.332,-0.115,-0.105
2021-08-01 01:34:22.336,-0.12,-0.09
2021-08-01 01:34:22.340,-0.1,-0.095
2021-08-01 01:34:22.344,-0.105,-0.1
2021-08-01 01:34:22.348,-0.13,-0.075
2021-08-01 01:34:22.352,-0.1,-0.08
2021-08-01 01:34:22.356,-0.09,-0.065
2021-08-01 01:34:22.360,-0.095,-0.065
2021-08-01 01:34:22.364,-0.095,-0.07
2021-08-01 01:34:22.368,-0.095,-0.06
2021-08-01 01:34:22.372,-0.1,-0.04
2021-08-01 01:34:22.376,-0.105,-0.03
2021-08-01 01:34:22.380,-0.11,-0.045
2021-08-01 01:34:22.384,-0.09,-0.06
2021-08-01 01:34:22.388,-0.095,-0.005
2021-08-01 01:34:22.392,-0.085,-0.01
2021-08-01 01:34:22.396,-0.095,0.0
2021-08-01 01:34:22.400,-0.1,0.0
2021-08-01 01:34:22.404,-0.095,0.01
2021-08-01 01:34:22.408,-0.1,0.02
2021-08-01 01:34:22.412,-0.075,0.025
2021-08-01 01:34:22.416,-0.08,0.025
2021-08-01 01:34:22.420,-0.1,0.0
2021-08-01 01:34:22.424,-0.075,0.0
2021-08-01 01:34:22.428,-0.095,-0.01
2021-08-01 01:34:22.432,-0.08,-0.03
2021-08-01 01:34:22.436,-0.075,-0.03
2021-08-01 01:34:22.440,-0.06,-0.035
2021-08-01 01:34:22.444,-0.075,-0.06
2021-08-01 01:34:22.448,-0.085,-0.06
2021-08-01 01:34:22.452,-0.06,-0.07
2021-08-01 01:34:22.456,-0.08,-0.07
2021-08-01 01:34:22.460,-0.085,-0.09
2021-08-01 01:34:22.464,-0.07,-0.085
2021-08-01 01:34:22.468,-0.1,-0.095
2021-08-01 01:34:22.472,-0.1,-0.11
2021-08-01 01:34:22.476,-0.08,-0.11
2021-08-01 01:34:22.480,-0.09,-0.105
2021-08-01 01:34:22.484,-0.105,-0.115
2021-08-01 01:34:22.488,-0.095,-0.115
2021-08-01 01:34:22.492,-0.075,-0.07
2021-08-01 01:34:22.496,-0.075,-0.08
2021-08-01 01:34:22.500,-0.08,-0.1
2021-08-01 01:34:22.504,-0.085,-0.105
2021-08-01 01:34:22.508,-0.1,-0.085
2021-08-01 01:34:22.512,-0.055,-0.08
2021-08-01 01:34:22.516,-0.08,-0.085
2021-08-01 01:34:22.520,-0.08,-0.075
2021-08-01 01:34:22.524,-0.085,-0.105
2021-08-01 01:34:22.528,-0.08,-0.095
2021-08-01 01:34:22.532,-0.08,-0.07
2021-08-01 01:34:22.536,-0.075,-0.07
2021-08-01 01:34:22.540,-0.095,-0.08
2021-08-01 01:34:22.544,-0.1,-0.095
2021-08-01 01:34:22.548,-0.085,-0.07
2021-08-01 01:34:22.552,-0.08,-0.075
2021-08-01 01:34:22.556,-0.095,-0.085
2021-08-01 01:34:22.560,-0.09,-0.09
2021-08-01 01:34:22.564,-0.095,-0.095
2021-08-01 01:34:22.568,-0.09,-0.115
2021-08-01 01:34:22.572,-0.095,-0.09
2021-08-01 01:34:22.576,-0.105,-0.095
2021-08-01 01:34:22.580,-0.11,-0.115
2021-08-01 01:34:22.584,-0.105,-0.115
2021-08-01 01:34:22.588,-0.1,-0.11
2021-08-01 01:34:22.592,-0.09,-0.115
2021-08-01 01:34:22.596,-0.105,-0.105
2021-08-01 01:34:22.600,-0.09,-0.115
2021-08-01 01:34:22.604,-0.09,-0.12
2021-08-01 01:34:22.608,-0.115,-0.1
2021-08-01 01:34:22.612,-0.1,-0.11
2021-08-01 01:34:22.616,-0.1,-0.11
2021-08-01 01:34:22.620,-0.105,-0.13
2021-08-01 01:34:22.624,-0.1,-0.145
2021-08-01 01:34:22.628,-0.105,-0.115
2021-08-01 01:34:22.632,-0.105,-0.11
2021-08-01 01:34:22.636,-0.115,-0.11
2021-08-01 01:34:22.640,-0.105,-0.11
2021-08-01 01:34:22.644,-0.105,-0.075
2021-08-01 01:34:22.648,-0.1,-0.06
2021-08-01 01:34:22.652,-0.06,-0.02
2021-08-01 01:34:22.656,-0.045,0.025
2021-08-01 01:34:22.660,-0.06,0.0
2021-08-01 01:34:22.664,-0.02,0.02
2021-08-01 01:34:22.668,-0.025,0.03
2021-08-01 01:34:22.672,-0.015,0.06
2021-08-01 01:34:22.676,-0.04,0.035
2021-08-01 01:34:22.680,-0.035,0.02
2021-08-01 01:34:22.684,-0.07,0.01
2021-08-01 01:34:22.688,-0.08,-0.015
2021-08-01 01:34:22.692,-0.115,-0.07
2021-08-01 01:34:22.696,-0.125,-0.12
2021-08-01 01:34:22.700,-0.16,-0.135
2021-08-01 01:34:22.704,-0.17,-0.15
2021-08-01 01:34:22.708,-0.185,-0.115
2021-08-01 01:34:22.712,-0.175,-0.09
2021-08-01 01:34:22.716,-0.165,-0.11
2021-08-01 01:34:22.720,-0.135,-0.135
2021-08-01 01:34:22.724,-0.13,-0.15
2021-08-01 01:34:22.728,-0.115,-0.165
2021-08-01 01:34:22.732,-0.105,-0.17
2021-08-01 01:34:22.736,-0.1,-0.21
2021-08-01 01:34:22.740,-0.08,-0.225
2021-08-01 01:34:22.744,-0.095,-0.23
2021-08-01 01:34:22.748,-0.1,-0.235
2021-08-01 01:34:22.752,-0.115,-0.235
2021-08-01 01:34:22.756,-0.13,-0.24
2021-08-01 01:34:22.760,-0.12,-0.24
2021-08-01 01:34:22.764,-0.13,-0.24
2021-08-01 01:34:22.768,-0.13,-0.245
2021-08-01 01:34:22.772,-0.12,-0.245
2021-08-01 01:34:22.776,-0.12,-0.255
2021-08-01 01:34:22.780,-0.125,-0.245
2021-08-01 01:34:22.784,-0.11,-0.245
2021-08-01 01:34:22.788,-0.13,-0.235
2021-08-01 01:34:22.792,-0.1,-0.24
2021-08-01 01:34:22.796,-0.115,-0.25
2021-08-01 01:34:22.800,-0.11,-0.25
2021-08-01 01:34:22.804,-0.12,-0.25
2021-08-01 01:34:22.808,-0.085,-0.215
2021-08-01 01:34:22.812,-0.08,-0.095
2021-08-01 01:34:22.816,-0.075,0.085
2021-08-01 01:34:22.820,-0.065,0.33
2021-08-01 01:34:22.824,-0.015,0.57
2021-08-01 01:34:22.828,0.05,0.685
2021-08-01 01:34:22.832,0.15,0.7
2021-08-01 01:34:22.836,0.19,0.615
2021-08-01 01:34:22.840,0.2,0.35
2021-08-01 01:34:22.844,0.15,-0.205
2021-08-01 01:34:22.848,0.115,-0.61
2021-08-01 01:34:22.852,-0.045,-0.81
2021-08-01 01:34:22.856,-0.265,-0.83
2021-08-01 01:34:22.860,-0.405,-0.79
2021-08-01 01:34:22.864,-0.46,-0.715
2021-08-01 01:34:22.868,-0.43,-0.565
2021-08-01 01:34:22.872,-0.415,-0.45
2021-08-01 01:34:22.876,-0.335,-0.33
2021-08-01 01:34:22.880,-0.265,-0.29
2021-08-01 01:34:22.884,-0.175,-0.285
2021-08-01 01:34:22.888,-0.135,-0.275
2021-08-01 01:34:22.892,-0.135,-0.265
2021-08-01 01:34:22.896,-0.125,-0.275
2021-08-01 01:34:22.900,-0.11,-0.255
2021-08-01 01:34:22.904,-0.11,-0.255
2021-08-01 01:34:22.908,-0.115,-0.245
2021-08-01 01:34:22.912,-0.1,-0.25
2021-08-01 01:34:22.916,-0.105,-0.25
2021-08-01 01:34:22.920,-0.12,-0.28
2021-08-01 01:34:22.924,-0.115,-0.285
2021-08-01 01:34:22.928,-0.115,-0.285
2021-08-01 01:34:22.932,-0.11,-0.265
2021-08-01 01:34:22.936,-0.125,-0.265
2021-08-01 01:34:22.940,-0.13,-0.255
2021-08-01 01:34:22.944,-0.125,-0.245
2021-08-01 01:34:22.948,-0.11,-0.245
2021-08-01 01:34:22.952,-0.12,-0.245
2021-08-01 01:34:22.956,-0.11,-0.24
2021-08-01 01:34:22.960,-0.115,-0.25
2021-08-01 01:34:22.964,-0.12,-0.26
2021-08-01 01:34:22.968,-0.12,-0.265
2021-08-01 01:34:22.972,-0.135,-0.265
2021-08-01 01:34:22.976,-0.12,-0.26
2021-08-01 01:34:22.980,-0.125,-0.25
2021-08-01 01:34:22.984,-0.125,-0.22
2021-08-01 01:34:22.988,-0.13,-0.215
2021-08-01 01:34:22.992,-0.13,-0.215
2021-08-01 01:34:22.996,-0.14,-0.22
2021-08-01 01:34:23.000,-0.135,-0.205
2021-08-01 01:34:23.004,-0.13,-0.185
2021-08-01 01:34:23.008,-0.13,-0.185
2021-08-01 01:34:23.012,-0.135,-0.185
2021-08-01 01:34:23.016,-0.13,-0.195
2021-08-01 01:34:23.020,-0.135,-0.19
2021-08-01 01:34:23.024,-0.14,-0.17
2021-08-01 01:34:23.028,-0.135,-0.16
2021-08-01 01:34:23.032,-0.125,-0.14
2021-08-01 01:34:23.036,-0.14,-0.14
2021-08-01 01:34:23.040,-0.135,-0.135
2021-08-01 01:34:23.044,-0.125,-0.125
2021-08-01 01:34:23.048,-0.115,-0.08
2021-08-01 01:34:23.052,-0.13,-0.08
2021-08-01 01:34:23.056,-0.13,-0.1
2021-08-01 01:34:23.060,-0.125,-0.1
2021-08-01 01:34:23.064,-0.105,-0.08
2021-08-01 01:34:23.068,-0.11,-0.08
2021-08-01 01:34:23.072,-0.08,-0.06
2021-08-01 01:34:23.076,-0.105,-0.05
2021-08-01 01:34:23.080,-0.11,-0.05
2021-08-01 01:34:23.084,-0.105,-0.04
2021-08-01 01:34:23.088,-0.1,-0.005
2021-08-01 01:34:23.092,-0.115,-0.02
2021-08-01 01:34:23.096,-0.095,-0.01
2021-08-01 01:34:23.100,-0.1,0.015
2021-08-01 01:34:23.104,-0.095,0.005
2021-08-01 01:34:23.108,-0.075,0.01
2021-08-01 01:34:23.112,-0.08,-0.01
2021-08-01 01:34:23.116,-0.075,-0.015
2021-08-01 01:34:23.120,-0.075,-0.005
2021-08-01 01:34:23.124,-0.07,-0.015
2021-08-01 01:34:23.128,-0.07,-0.04
2021-08-01 01:34:23.132,-0.07,-0.03
2021-08-01 01:34:23.136,-0.055,-0.05
2021-08-01 01:34:23.140,-0.05,-0.06
2021-08-01 01:34:23.144,-0.045,-0.095
2021-08-01 01:34:23.148,-0.065,-0.09
2021-08-01 01:34:23.152,-0.065,-0.105
2021-08-01 01:34:23.156,-0.04,-0.095
2021-08-01 01:34:23.160,-0.05,-0.09
2021-08-01 01:34:23.164,-0.06,-0.09
2021-08-01 01:34:23.168,-0.06,-0.075
2021-08-01 01:34:23.172,-0.055,-0.115
2021-08-01 01:34:23.176,-0.06,-0.105
2021-08-01 01:34:23.180,-0.06,-0.135
2021-08-01 01:34:23.184,-0.065,-0.105
2021-08-01 01:34:23.188,-0.065,-0.09
2021-08-01 01:34:23.192,-0.065,-0.075
2021-08-01 01:34:23.196,-0.05,-0.095
2021-08-01 01:34:23.200,-0.05,-0.09
2021-08-01 01:34:23.204,-0.055,-0.085
2021-08-01 01:34:23.208,-0.06,-0.075
2021-08-01 01:34:23.212,-0.035,-0.07
2021-08-01 01:34:23.216,-0.055,-0.075
2021-08-01 01:34:23.220,-0.05,-0.065
2021-08-01 01:34:23.224,-0.04,-0.07
2021-08-01 01:34:23.228,-0.05,-0.06
2021-08-01 01:34:23.232,-0.065,-0.09
2021-08-01 01:34:23.236,-0.055,-0.08
2021-08-01 01:34:23.240,-0.055,-0.085
2021-08-01 01:34:23.244,-0.07,-0.09
2021-08-01 01:34:23.248,-0.04,-0.075
2021-08-01 01:34:23.252,-0.045,-0.05
2021-08-01 01:34:23.256,-0.045,-0.06
2021-08-01 01:34:23.260,-0.06,-0.075
2021-08-01 01:34:23.264,-0.06,-0.085
2021-08-01 01:34:23.268,-0.05,-0.09
2021-08-01 01:34:23.272,-0.075,-0.1
2021-08-01 01:34:23.276,-0.08,-0.12
2021-08-01 01:34:23.280,-0.07,-0.105
2021-08-01 01:34:23.284,-0.07,-0.085
2021-08-01 01:34:23.288,-0.09,-0.075
2021-08-01 01:34:23.292,-0.08,-0.085
2021-08-01 01:34:23.296,-0.075,-0.1
2021-08-01 01:34:23.300,-0.075,-0.1
2021-08-01 01:34:23.304,-0.075,-0.1
2021-08-01 01:34:23.308,-0.065,-0.11
2021-08-01 01:34:23.312,-0.09,-0.105
2021-08-01 01:34:23.316,-0.085,-0.1
2021-08-01 01:34:23.320,-0.065,-0.09
2021-08-01 01:34:23.324,-0.08,-0.04
2021-08-01 01:34:23.328,-0.075,-0.025
2021-08-01 01:34:23.332,-0.06,-0.02
2021-08-01 01:34:23.336,-0.045,0.015
2021-08-01 01:34:23.340,-0.04,0.04
2021-08-01 01:34:23.344,-0.03,0.035
2021-08-01 01:34:23.348,-0.01,0.035
2021-08-01 01:34:23.352,0.005,0.08
2021-08-01 01:34:23.356,0.0,0.09
2021-08-01 01:34:23.360,0.01,0.075
2021-08-01 01:34:23.364,0.005,0.085
2021-08-01 01:34:23.368,-0.02,0.055
2021-08-01 01:34:23.372,-0.055,0.02
2021-08-01 01:34:23.376,-0.075,-0.04
2021-08-01 01:34:23.380,-0.105,-0.1
2021-08-01 01:34:23.384,-0.12,-0.105
2021-08-01 01:34:23.388,-0.14,-0.11
2021-08-01 01:34:23.392,-0.145,-0.11
2021-08-01 01:34:23.396,-0.14,-0.125
2021-08-01 01:34:23.400,-0.12,-0.125
2021-08-01 01:34:23.404,-0.095,-0.115
2021-08-01 01:34:23.408,-0.115,-0.13
2021-08-01 01:34:23.412,-0.09,-0.14
2021-08-01 01:34:23.416,-0.065,-0.165
2021-08-01 01:34:23.420,-0.07,-0.165
2021-08-01 01:34:23.424,-0.065,-0.185
2021-08-01 01:34:23.428,-0.065,-0.215
2021-08-01 01:34:23.432,-0.085,-0.22
2021-08-01 01:34:23.436,-0.1,-0.225
2021-08-01 01:34:23.440,-0.1,-0.235
2021-08-01 01:34:23.444,-0.09,-0.235
2021-08-01 01:34:23.448,-0.105,-0.205
2021-08-01 01:34:23.452,-0.09,-0.225
2021-08-01 01:34:23.456,-0.11,-0.23
2021-08-01 01:34:23.460,-0.095,-0.235
2021-08-01 01:34:23.464,-0.095,-0.24
2021-08-01 01:34:23.468,-0.07,-0.225
2021-08-01 01:34:23.472,-0.09,-0.225
2021-08-01 01:34:23.476,-0.1,-0.22
2021-08-01 01:34:23.480,-0.105,-0.235
2021-08-01 01:34:23.484,-0.065,-0.24
2021-08-01 01:34:23.488,-0.09,-0.235
2021-08-01 01:34:23.492,-0.07,-0.265
2021-08-01 01:34:23.496,-0.065,-0.21
2021-08-01 01:34:23.500,-0.06,-0.09
2021-08-01 01:34:23.504,-0.05,0.135
2021-08-01 01:34:23.508,-0.02,0.39
2021-08-01 01:34:23.512,0.005,0.59
2021-08-01 01:34:23.516,0.095,0.685
2021-08-01 01:34:23.520,0.185,0.675
2021-08-01 01:34:23.524,0.245,0.535
2021-08-01 01:34:23.528,0.22,0.1
2021-08-01 01:34:23.532,0.19,-0.445
2021-08-01 01:34:23.536,0.125,-0.76
2021-08-01 01:34:23.540,-0.06,-0.865
2021-08-01 01:34:23.544,-0.255,-0.83
2021-08-01 01:34:23.548,-0.355,-0.765
2021-08-01 01:34:23.552,-0.385,-0.66
2021-08-01 01:34:23.556,-0.38,-0.535
2021-08-01 01:34:23.560,-0.36,-0.435
2021-08-01 01:34:23.564,-0.265,-0.335
2021-08-01 01:34:23.568,-0.2,-0.27
2021-08-01 01:34:23.572,-0.145,-0.285
2021-08-01 01:34:23.576,-0.085,-0.27
2021-08-01 01:34:23.580,-0.085,-0.275
2021-08-01 01:34:23.584,-0.08,-0.29
2021-08-01 01:34:23.588,-0.08,-0.28
2021-08-01 01:34:23.592,-0.08,-0.28
2021-08-01 01:34:23.596,-0.095,-0.27
2021-08-01 01:34:23.600,-0.095,-0.29
2021-08-01 01:34:23.604,-0.08,-0.27
2021-08-01 01:34:23.608,-0.075,-0.275
2021-08-01 01:34:23.612,-0.08,-0.265
2021-08-01 01:34:23.616,-0.085,-0.28
2021-08-01 01:34:23.620,-0.075,-0.255
2021-08-01 01:34:23.624,-0.085,-0.275
2021-08-01 01:34:23.628,-0.08,-0.255
2021-08-01 01:34:23.632,-0.06,-0.275
2021-08-01 01:34:23.636,-0.08,-0.265
2021-08-01 01:34:23.640,-0.075,-0.27
2021-08-01 01:34:23.644,-0.085,-0.255
2021-08-01 01:34:23.648,-0.09,-0.25
2021-08-01 01:34:23.652,-0.075,-0.24
2021-08-01 01:34:23.656,-0.075,-0.26
2021-08-01 01:34:23.660,-0.09,-0.25
2021-08-01 01:34:23.664,-0.09,-0.245
2021-08-01 01:34:23.668,-0.09,-0.24
2021-08-01 01:34:23.672,-0.08,-0.25
2021-08-01 01:34:23.676,-0.085,-0.255
2021-08-01 01:34:23.680,-0.075,-0.235
2021-08-01 01:34:23.684,-0.09,-0.235
2021-08-01 01:34:23.688,-0.085,-0.225
2021-08-01 01:34:23.692,-0.08,-0.21
2021-08-01 01:34:23.696,-0.1,-0.225
2021-08-01 01:34:23.700,-0.085,-0.21
2021-08-01 01:34:23.704,-0.105,-0.21
2021-08-01 01:34:23.708,-0.08,-0.195
2021-08-01 01:34:23.712,-0.065,-0.18
2021-08-01 01:34:23.716,-0.08,-0.17
2021-08-01 01:34:23.720,-0.065,-0.165
2021-08-01 01:34:23.724,-0.065,-0.145
2021-08-01 01:34:23.728,-0.06,-0.15
2021-08-01 01:34:23.732,-0.07,-0.14
2021-08-01 01:34:23.736,-0.065,-0.155
2021-08-01 01:34:23.740,-0.065,-0.14
2021-08-01 01:34:23.744,-0.045,-0.135
2021-08-01 01:34:23.748,-0.06,-0.115
2021-08-01 01:34:23.752,-0.075,-0.125
2021-08-01 01:34:23.756,-0.065,-0.115
2021-08-01 01:34:23.760,-0.05,-0.09
2021-08-01 01:34:23.764,-0.045,-0.1
2021-08-01 01:34:23.768,-0.025,-0.08
2021-08-01 01:34:23.772,-0.05,-0.08
2021-08-01 01:34:23.776,-0.055,-0.07
2021-08-01 01:34:23.780,-0.045,-0.045
2021-08-01 01:34:23.784,-0.045,-0.055
2021-08-01 01:34:23.788,-0.05,-0.035
2021-08-01 01:34:23.792,-0.015,-0.055
2021-08-01 01:34:23.796,-0.035,-0.06
2021-08-01 01:34:23.800,-0.01,-0.06
2021-08-01 01:34:23.804,-0.015,-0.055
2021-08-01 01:34:23.808,-0.025,-0.085
2021-08-01 01:34:23.812,-0.01,-0.095
2021-08-01 01:34:23.816,-0.015,-0.095
2021-08-01 01:34:23.820,-0.01,-0.09
2021-08-01 01:34:23.824,-0.01,-0.105
2021-08-01 01:34:23.828,-0.02,-0.12
2021-08-01 01:34:23.832,0.0,-0.13
2021-08-01 01:34:23.836,-0.02,-0.13
2021-08-01 01:34:23.840,-0.005,-0.135
2021-08-01 01:34:23.844,-0.02,-0.12
2021-08-01 01:34:23.848,-0.015,-0.15
2021-08-01 01:34:23.852,-0.02,-0.15
2021-08-01 01:34:23.856,-0.015,-0.145
2021-08-01 01:34:23.860,0.0,-0.13
2021-08-01 01:34:23.864,0.0,-0.135
2021-08-01 01:34:23.868,0.0,-0.125
2021-08-01 01:34:23.872,-0.005,-0.15
2021-08-01 01:34:23.876,-0.03,-0.12
2021-08-01 01:34:23.880,-0.015,-0.135
2021-08-01 01:34:23.884,-0.025,-0.125
2021-08-01 01:34:23.888,-0.015,-0.13
2021-08-01 01:34:23.892,-0.01,-0.12
2021-08-01 01:34:23.896,-0.005,-0.12
2021-08-01 01:34:23.900,-0.005,-0.12
2021-08-01 01:34:23.904,0.0,-0.105
2021-08-01 01:34:23.908,-0.005,-0.115
2021-08-01 01:34:23.912,0.0,-0.115
2021-08-01 01:34:23.916,0.005,-0.11
2021-08-01 01:34:23.920,-0.01,-0.1
2021-08-01 01:34:23.924,0.0,-0.09
2021-08-01 01:34:23.928,-0.01,-0.125
2021-08-01 01:34:23.932,0.0,-0.125
2021-08-01 01:34:23.936,0.0,-0.11
2021-08-01 01:34:23.940,-0.01,-0.11
2021-08-01 01:34:23.944,-0.015,-0.115
2021-08-01 01:34:23.948,-0.01,-0.125
2021-08-01 01:34:23.952,-0.005,-0.13
2021-08-01 01:34:23.956,0.0,-0.135
2021-08-01 01:34:23.960,0.0,-0.125
2021-08-01 01:34:23.964,0.0,-0.13
2021-08-01 01:34:23.968,-0.005,-0.135
2021-08-01 01:34:23.972,0.01,-0.13
2021-08-01 01:34:23.976,0.0,-0.135
2021-08-01 01:34:23.980,-0.01,-0.12
2021-08-01 01:34:23.984,-0.005,-0.135
2021-08-01 01:34:23.988,0.005,-0.14
2021-08-01 01:34:23.992,-0.005,-0.14
2021-08-01 01:34:23.996,-0.005,-0.15
2021-08-01 01:34:24.000,0.0,-0.145
2021-08-01 01:34:24.004,-0.005,-0.125
2021-08-01 01:34:24.008,0.0,-0.12
2021-08-01 01:34:24.012,0.0,-0.085
2021-08-01 01:34:24.016,0.005,-0.065
2021-08-01 01:34:24.020,0.025,-0.02
2021-08-01 01:34:24.024,0.03,0.0
2021-08-01 01:34:24.028,0.055,-0.005
2021-08-01 01:34:24.032,0.055,0.005
2021-08-01 01:34:24.036,0.07,0.015
2021-08-01 01:34:24.040,0.085,0.03
2021-08-01 01:34:24.044,0.08,0.055
2021-08-01 01:34:24.048,0.075,0.025
2021-08-01 01:34:24.052,0.045,0.0
2021-08-01 01:34:24.056,0.025,-0.035
2021-08-01 01:34:24.060,0.0,-0.09
2021-08-01 01:34:24.064,-0.025,-0.12
2021-08-01 01:34:24.068,-0.05,-0.145
2021-08-01 01:34:24.072,-0.055,-0.155
2021-08-01 01:34:24.076,-0.065,-0.135
2021-08-01 01:34:24.080,-0.07,-0.12
2021-08-01 01:34:24.084,-0.05,-0.11
2021-08-01 01:34:24.088,-0.015,-0.145
2021-08-01 01:34:24.092,0.0,-0.185
2021-08-01 01:34:24.096,0.005,-0.2
2021-08-01 01:34:24.100,0.0,-0.2
2021-08-01 01:34:24.104,0.015,-0.225
2021-08-01 01:34:24.108,0.025,-0.24
2021-08-01 01:34:24.112,0.02,-0.24
2021-08-01 01:34:24.116,0.0,-0.245
2021-08-01 01:34:24.120,-0.01,-0.25
2021-08-01 01:34:24.124,-0.025,-0.235
2021-08-01 01:34:24.128,0.0,-0.255
2021-08-01 01:34:24.132,0.005,-0.245
2021-08-01 01:34:24.136,-0.015,-0.25
2021-08-01 01:34:24.140,-0.015,-0.235
2021-08-01 01:34:24.144,-0.015,-0.24
2021-08-01 01:34:24.148,0.005,-0.245
2021-08-01 01:34:24.152,-0.005,-0.255
2021-08-01 01:34:24.156,-0.01,-0.24
2021-08-01 01:34:24.160,0.0,-0.23
2021-08-01 01:34:24.164,-0.005,-0.24
2021-08-01 01:34:24.168,0.0,-0.25
2021-08-01 01:34:24.172,0.0,-0.26
2021-08-01 01:34:24.176,0.015,-0.205
2021-08-01 01:34:24.180,0.035,-0.055
2021-08-01 01:34:24.184,0.065,0.17
2021-08-01 01:34:24.188,0.08,0.43
2021-08-01 01:34:24.192,0.14,0.645
2021-08-01 01:34:24.196,0.23,0.73
2021-08-01 01:34:24.200,0.31,0.715
2021-08-01 01:34:24.204,0.315,0.615
2021-08-01 01:34:24.208,0.255,0.19
2021-08-01 01:34:24.212,0.18,-0.385
2021-08-01 01:34:24.216,0.08,-0.74
2021-08-01 01:34:24.220,-0.15,-0.84
2021-08-01 01:34:24.224,-0.315,-0.815
2021-08-01 01:34:24.228,-0.385,-0.72
2021-08-01 01:34:24.232,-0.37,-0.575
2021-08-01 01:34:24.236,-0.335,-0.455
2021-08-01 01:34:24.240,-0.26,-0.345
2021-08-01 01:34:24.244,-0.15,-0.28
2021-08-01 01:34:24.248,-0.085,-0.26
2021-08-01 01:34:24.252,-0.045,-0.26
2021-08-01 01:34:24.256,-0.015,-0.26
2021-08-01 01:34:24.260,0.01,-0.245
2021-08-01 01:34:24.264,0.025,-0.255
2021-08-01 01:34:24.268,-0.005,-0.255
2021-08-01 01:34:24.272,-0.005,-0.265
2021-08-01 01:34:24.276,0.0,-0.255
2021-08-01 01:34:24.280,0.0,-0.24
2021-08-01 01:34:24.284,-0.005,-0.25
2021-08-01 01:34:24.288,0.0,-0.265
2021-08-01 01:34:24.292,-0.03,-0.235
2021-08-01 01:34:24.296,-0.01,-0.245
2021-08-01 01:34:24.300,-0.01,-0.235
2021-08-01 01:34:24.304,0.0,-0.24
2021-08-01 01:34:24.308,-0.015,-0.24
2021-08-01 01:34:24.312,-0.02,-0.235
2021-08-01 01:34:24.316,0.0,-0.235
2021-08-01 01:34:24.320,-0.01,-0.215
2021-08-01 01:34:24.324,-0.01,-0.225
2021-08-01 01:34:24.328,0.015,-0.225
2021-08-01 01:34:24.332,-0.005,-0.22
2021-08-01 01:34:24.336,0.0,-0.205
2021-08-01 01:34:24.340,0.0,-0.22
2021-08-01 01:34:24.344,0.005,-0.21
2021-08-01 01:34:24.348,-0.015,-0.205
2021-08-01 01:34:24.352,-0.005,-0.2
2021-08-01 01:34:24.356,0.0,-0.2
2021-08-01 01:34:24.360,-0.005,-0.18
2021-08-01 01:34:24.364,0.01,-0.18
2021-08-01 01:34:24.368,0.015,-0.18
2021-08-01 01:34:24.372,0.0,-0.16
2021-08-01 01:34:24.376,0.02,-0.16
2021-08-01 01:34:24.380,0.0,-0.14
2021-08-01 01:34:24.384,0.01,-0.14
2021-08-01 01:34:24.388,-0.005,-0.12
2021-08-01 01:34:24.392,-0.01,-0.125
2021-08-01 01:34:24.396,0.015,-0.105
2021-08-01 01:34:24.400,0.01,-0.1
2021-08-01 01:34:24.404,0.01,-0.105
2021-08-01 01:34:24.408,0.015,-0.095
2021-08-01 01:34:24.412,0.01,-0.05
2021-08-01 01:34:24.416,0.015,-0.06
2021-08-01 01:34:24.420,0.025,-0.06
2021-08-01 01:34:24.424,0.02,-0.06
2021-08-01 01:34:24.428,0.02,-0.04
2021-08-01 01:34:24.432,0.025,-0.055
2021-08-01 01:34:24.436,0.03,-0.045
2021-08-01 01:34:24.440,0.03,-0.04
2021-08-01 01:34:24.444,0.02,-0.015
2021-08-01 01:34:24.448,0.05,-0.035
2021-08-01 01:34:24.452,0.035,-0.015
2021-08-01 01:34:24.456,0.035,-0.005
2021-08-01 01:34:24.460,0.02,0.0
2021-08-01 01:34:24.464,0.03,0.0
2021-08-01 01:34:24.468,0.03,0.0
2021-08-01 01:34:24.472,0.025,-0.005
2021-08-01 01:34:24.476,0.045,0.005
2021-08-01 01:34:24.480,0.035,-0.005
2021-08-01 01:34:24.484,0.04,-0.025
2021-08-01 01:34:24.488,0.05,-0.055
2021-08-01 01:34:24.492,0.045,-0.045
2021-08-01 01:34:24.496,0.045,-0.06
2021-08-01 01:34:24.500,0.04,-0.085
2021-08-01 01:34:24.504,0.04,-0.1
2021-08-01 01:34:24.508,0.03,-0.095
2021-08-01 01:34:24.512,0.04,-0.105
2021-08-01 01:34:24.516,0.03,-0.105
2021-08-01 01:34:24.520,0.035,-0.11
2021-08-01 01:34:24.524,0.04,-0.115
2021-08-01 01:34:24.528,0.045,-0.12
2021-08-01 01:34:24.532,0.04,-0.12
2021-08-01 01:34:24.536,0.025,-0.12
2021-08-01 01:34:24.540,0.04,-0.12
2021-08-01 01:34:24.544,0.035,-0.11
2021-08-01 01:34:24.548,0.03,-0.13
2021-08-01 01:34:24.552,0.025,-0.115
2021-08-01 01:34:24.556,0.04,-0.115
2021-08-01 01:34:24.560,0.03,-0.115
2021-08-01 01:34:24.564,0.05,-0.115
2021-08-01 01:34:24.568,0.04,-0.12
2021-08-01 01:34:24.572,0.02,-0.11
2021-08-01 01:34:24.576,0.02,-0.115
2021-08-01 01:34:24.580,0.04,-0.13
2021-08-01 01:34:24.584,0.03,-0.12
2021-08-01 01:34:24.588,0.03,-0.115
2021-08-01 01:34:24.592,0.035,-0.105
2021-08-01 01:34:24.596,0.045,-0.095
2021-08-01 01:34:24.600,0.035,-0.08
2021-08-01 01:34:24.604,0.045,-0.115
2021-08-01 01:34:24.608,0.035,-0.115
2021-08-01 01:34:24.612,0.035,-0.105
2021-08-01 01:34:24.616,0.03,-0.1
2021-08-01 01:34:24.620,0.03,-0.11
2021-08-01 01:34:24.624,0.02,-0.11
2021-08-01 01:34:24.628,0.03,-0.115
2021-08-01 01:34:24.632,0.025,-0.12
2021-08-01 01:34:24.636,0.035,-0.12
2021-08-01 01:34:24.640,0.02,-0.125
2021-08-01 01:34:24.644,0.02,-0.13
2021-08-01 01:34:24.648,0.025,-0.13
2021-08-01 01:34:24.652,0.015,-0.12
2021-08-01 01:34:24.656,0.01,-0.125
2021-08-01 01:34:24.660,0.015,-0.14
2021-08-01 01:34:24.664,0.005,-0.145
2021-08-01 01:34:24.668,0.025,-0.135
2021-08-01 01:34:24.672,0.015,-0.125
2021-08-01 01:34:24.676,0.025,-0.14
2021-08-01 01:34:24.680,0.02,-0.13
2021-08-01 01:34:24.684,0.02,-0.13
2021-08-01 01:34:24.688,0.01,-0.115
2021-08-01 01:34:24.692,0.03,-0.09
2021-08-01 01:34:24.696,0.035,-0.06
2021-08-01 01:34:24.700,0.03,-0.04
2021-08-01 01:34:24.704,0.05,-0.02
2021-08-01 01:34:24.708,0.065,-0.025
2021-08-01 01:34:24.712,0.09,-0.01
2021-08-01 01:34:24.716,0.085,0.02
2021-08-01 01:34:24.720,0.09,0.04
2021-08-01 01:34:24.724,0.09,0.045
2021-08-01 01:34:24.728,0.065,0.035
2021-08-01 01:34:24.732,0.05,0.0
2021-08-01 01:34:24.736,0.02,-0.035
2021-08-01 01:34:24.740,0.0,-0.085
2021-08-01 01:34:24.744,-0.015,-0.15
2021-08-01 01:34:24.748,-0.02,-0.145
2021-08-01 01:34:24.752,-0.04,-0.145
2021-08-01 01:34:24.756,-0.035,-0.13
2021-08-01 01:34:24.760,-0.055,-0.125
2021-08-01 01:34:24.764,-0.035,-0.15
2021-08-01 01:34:24.768,-0.035,-0.13
2021-08-01 01:34:24.772,-0.01,-0.17
2021-08-01 01:34:24.776,0.0,-0.18
2021-08-01 01:34:24.780,0.025,-0.2
2021-08-01 01:34:24.784,0.02,-0.215
2021-08-01 01:34:24.788,0.025,-0.23
2021-08-01 01:34:24.792,0.035,-0.255
2021-08-01 01:34:24.796,0.01,-0.26
2021-08-01 01:34:24.800,0.0,-0.285
2021-08-01 01:34:24.804,0.005,-0.27
2021-08-01 01:34:24.808,-0.005,-0.245
2021-08-01 01:34:24.812,0.0,-0.265
2021-08-01 01:34:24.816,0.01,-0.27
2021-08-01 01:34:24.820,0.0,-0.275
2021-08-01 01:34:24.824,-0.005,-0.26
2021-08-01 01:34:24.828,0.005,-0.265
2021-08-01 01:34:24.832,0.0,-0.255
2021-08-01 01:34:24.836,-0.005,-0.25
2021-08-01 01:34:24.840,0.005,-0.27
2021-08-01 01:34:24.844,0.0,-0.27
2021-08-01 01:34:24.848,-0.005,-0.275
2021-08-01 01:34:24.852,0.005,-0.28
2021-08-01 01:34:24.856,0.0,-0.26
2021-08-01 01:34:24.860,0.02,-0.155
2021-08-01 01:34:24.864,0.035,0.07
2021-08-01 01:34:24.868,0.055,0.315
2021-08-01 01:34:24.872,0.1,0.56
2021-08-01 01:34:24.876,0.185,0.705
2021-08-01 01:34:24.880,0.27,0.7
2021-08-01 01:34:24.884,0.305,0.625
2021-08-01 01:34:24.888,0.265,0.365
2021-08-01 01:34:24.892,0.19,-0.175
2021-08-01 01:34:24.896,0.075,-0.64
2021-08-01 01:34:24.900,-0.08,-0.845
2021-08-01 01:34:24.904,-0.275,-0.835
2021-08-01 01:34:24.908,-0.385,-0.78
2021-08-01 01:34:24.912,-0.4,-0.635
2021-08-01 01:34:24.916,-0.36,-0.49
2021-08-01 01:34:24.920,-0.3,-0.385
2021-08-01 01:34:24.924,-0.2,-0.31
2021-08-01 01:34:24.928,-0.115,-0.27
2021-08-01 01:34:24.932,-0.06,-0.27
2021-08-01 01:34:24.936,-0.025,-0.265
2021-08-01 01:34:24.940,0.005,-0.265
2021-08-01 01:34:24.944,0.0,-0.27
2021-08-01 01:34:24.948,0.0,-0.265
2021-08-01 01:34:24.952,-0.005,-0.265
2021-08-01 01:34:24.956,-0.025,-0.25
2021-08-01 01:34:24.960,-0.03,-0.265
2021-08-01 01:34:24.964,-0.02,-0.265
2021-08-01 01:34:24.968,0.0,-0.27
2021-08-01 01:34:24.972,-0.01,-0.265
2021-08-01 01:34:24.976,-0.01,-0.26
2021-08-01 01:34:24.980,0.0,-0.265
2021-08-01 01:34:24.984,-0.01,-0.25
2021-08-01 01:34:24.988,0.0,-0.235
2021-08-01 01:34:24.992,-0.005,-0.255
2021-08-01 01:34:24.996,0.0,-0.235
2021-08-01 01:34:25.000,-0.015,-0.245
2021-08-01 01:34:25.004,-0.005,-0.24
2021-08-01 01:34:25.008,-0.005,-0.245
2021-08-01 01:34:25.012,-0.015,-0.23
2021-08-01 01:34:25.016,-0.02,-0.25
2021-08-01 01:34:25.020,-0.01,-0.255
2021-08-01 01:34:25.024,-0.025,-0.235
2021-08-01 01:34:25.028,-0.015,-0.235
2021-08-01 01:34:25.032,0.0,-0.215
2021-08-01 01:34:25.036,-0.005,-0.2
2021-08-01 01:34:25.040,-0.025,-0.215
2021-08-01 01:34:25.044,-0.025,-0.205
2021-08-01 01:34:25.048,-0.01,-0.185
2021-08-01 01:34:25.052,-0.005,-0.175
2021-08-01 01:34:25.056,-0.025,-0.185
2021-08-01 01:34:25.060,-0.015,-0.18
2021-08-01 01:34:25.064,-0.015,-0.16
2021-08-01 01:34:25.068,0.0,-0.155
2021-08-01 01:34:25.072,-0.005,-0.145
2021-08-01 01:34:25.076,0.005,-0.14
2021-08-01 01:34:25.080,0.0,-0.125
2021-08-01 01:34:25.084,-0.01,-0.105
2021-08-01 01:34:25.088,0.0,-0.1
2021-08-01 01:34:25.092,0.01,-0.085
2021-08-01 01:34:25.096,-0.005,-0.065
2021-08-01 01:34:25.100,0.01,-0.065
2021-08-01 01:34:25.104,0.0,-0.05
2021-08-01 01:34:25.108,0.025,-0.07
2021-08-01 01:34:25.112,0.02,-0.055
2021-08-01 01:34:25.116,0.025,-0.03
2021-08-01 01:34:25.120,0.02,-0.02
2021-08-01 01:34:25.124,0.01,-0.02
2021-08-01 01:34:25.128,0.03,0.0
2021-08-01 01:34:25.132,0.025,0.005
2021-08-01 01:34:25.136,0.025,0.0
2021-08-01 01:34:25.140,0.035,0.015
2021-08-01 01:34:25.144,0.015,0.025
2021-08-01 01:34:25.148,0.05,0.035
2021-08-01 01:34:25.152,0.045,0.025
2021-08-01 01:34:25.156,0.025,0.015
2021-08-01 01:34:25.160,0.035,0.0
2021-08-01 01:34:25.164,0.04,-0.01
2021-08-01 01:34:25.168,0.055,-0.015
2021-08-01 01:34:25.172,0.06,-0.025
2021-08-01 01:34:25.176,0.05,-0.04
2021-08-01 01:34:25.180,0.065,-0.045
2021-08-01 01:34:25.184,0.05,-0.05
2021-08-01 01:34:25.188,0.05,-0.065
2021-08-01 01:34:25.192,0.04,-0.075
2021-08-01 01:34:25.196,0.065,-0.085
2021-08-01 01:34:25.200,0.04,-0.08
2021-08-01 01:34:25.204,0.04,-0.1
2021-08-01 01:34:25.208,0.055,-0.095
2021-08-01 01:34:25.212,0.05,-0.11
2021-08-01 01:34:25.216,0.035,-0.095
2021-08-01 01:34:25.220,0.055,-0.13
2021-08-01 01:34:25.224,0.03,-0.095
2021-08-01 01:34:25.228,0.03,-0.075
2021-08-01 01:34:25.232,0.045,-0.1
2021-08-01 01:34:25.236,0.045,-0.1
2021-08-01 01:34:25.240,0.03,-0.09
2021-08-01 01:34:25.244,0.03,-0.105
2021-08-01 01:34:25.248,0.06,-0.1
2021-08-01 01:34:25.252,0.05,-0.085
2021-08-01 01:34:25.256,0.03,-0.095
2021-08-01 01:34:25.260,0.05,-0.08
2021-08-01 01:34:25.264,0.03,-0.095
2021-08-01 01:34:25.268,0.05,-0.08
2021-08-01 01:34:25.272,0.03,-0.09
2021-08-01 01:34:25.276,0.03,-0.09
2021-08-01 01:34:25.280,0.015,-0.09
2021-08-01 01:34:25.284,0.03,-0.07
2021-08-01 01:34:25.288,0.03,-0.09
2021-08-01 01:34:25.292,0.045,-0.08
2021-08-01 01:34:25.296,0.025,-0.085
2021-08-01 01:34:25.300,0.025,-0.1
2021-08-01 01:34:25.304,0.02,-0.105
2021-08-01 01:34:25.308,0.035,-0.1
2021-08-01 01:34:25.312,0.025,-0.095
2021-08-01 01:34:25.316,0.025,-0.105
2021-08-01 01:34:25.320,0.025,-0.1
2021-08-01 01:34:25.324,0.01,-0.095
2021-08-01 01:34:25.328,0.03,-0.105
2021-08-01 01:34:25.332,0.02,-0.105
2021-08-01 01:34:25.336,0.04,-0.1
2021-08-01 01:34:25.340,0.025,-0.105
2021-08-01 01:34:25.344,0.02,-0.11
2021-08-01 01:34:25.348,0.025,-0.105
2021-08-01 01:34:25.352,0.015,-0.11
2021-08-01 01:34:25.356,0.02,-0.11
2021-08-01 01:34:25.360,0.025,-0.105
2021-08-01 01:34:25.364,0.04,-0.085
2021-08-01 01:34:25.368,0.005,-0.065
2021-08-01 01:34:25.372,0.02,-0.035
2021-08-01 01:34:25.376,0.04,-0.035
2021-08-01 01:34:25.380,0.065,0.005
2021-08-01 01:34:25.384,0.085,0.04
2021-08-01 01:34:25.388,0.105,0.02
2021-08-01 01:34:25.392,0.095,0.02
2021-08-01 01:34:25.396,0.105,0.06
2021-08-01 01:34:25.400,0.12,0.065
2021-08-01 01:34:25.404,0.125,0.065
2021-08-01 01:34:25.408,0.1,0.085
2021-08-01 01:34:25.412,0.09,0.06
2021-08-01 01:34:25.416,0.05,0.01
2021-08-01 01:34:25.420,0.03,-0.02
2021-08-01 01:34:25.424,0.015,-0.085
2021-08-01 01:34:25.428,0.005,-0.11
2021-08-01 01:34:25.432,-0.04,-0.12
2021-08-01 01:34:25.436,-0.03,-0.095
2021-08-01 01:34:25.440,-0.04,-0.1
2021-08-01 01:34:25.444,-0.05,-0.1
2021-08-01 01:34:25.448,-0.03,-0.095
2021-08-01 01:34:25.452,-0.02,-0.145
2021-08-01 01:34:25.456,-0.005,-0.165
2021-08-01 01:34:25.460,0.005,-0.165
2021-08-01 01:34:25.464,0.0,-0.165
2021-08-01 01:34:25.468,0.035,-0.17
2021-08-01 01:34:25.472,0.005,-0.19
2021-08-01 01:34:25.476,-0.01,-0.225
2021-08-01 01:34:25.480,-0.02,-0.235
2021-08-01 01:34:25.484,0.0,-0.23
2021-08-01 01:34:25.488,-0.03,-0.21
2021-08-01 01:34:25.492,-0.015,-0.245
2021-08-01 01:34:25.496,0.0,-0.23
2021-08-01 01:34:25.500,-0.015,-0.22
2021-08-01 01:34:25.504,-0.02,-0.195
2021-08-01 01:34:25.508,0.0,-0.21
2021-08-01 01:34:25.512,0.0,-0.22
2021-08-01 01:34:25.516,-0.03,-0.23
2021-08-01 01:34:25.520,0.0,-0.22
2021-08-01 01:34:25.524,0.0,-0.225
2021-08-01 01:34:25.528,-0.03,-0.23
2021-08-01 01:34:25.532,-0.01,-0.245
2021-08-01 01:34:25.536,-0.005,-0.255
2021-08-01 01:34:25.540,0.0,-0.16
2021-08-01 01:34:25.544,0.02,0.02
2021-08-01 01:34:25.548,0.04,0.24
2021-08-01 01:34:25.552,0.06,0.495
2021-08-01 01:34:25.556,0.125,0.655
2021-08-01 01:34:25.560,0.21,0.7
2021-08-01 01:34:25.564,0.285,0.64
2021-08-01 01:34:25.568,0.305,0.41
2021-08-01 01:34:25.572,0.265,-0.085
2021-08-01 01:34:25.576,0.22,-0.545
2021-08-01 01:34:25.580,0.075,-0.8
2021-08-01 01:34:25.584,-0.125,-0.88
2021-08-01 01:34:25.588,-0.27,-0.85
2021-08-01 01:34:25.592,-0.35,-0.775
2021-08-01 01:34:25.596,-0.34,-0.625
2021-08-01 01:34:25.600,-0.34,-0.495
2021-08-01 01:34:25.604,-0.265,-0.38
2021-08-01 01:34:25.608,-0.19,-0.285
2021-08-01 01:34:25.612,-0.135,-0.26
2021-08-01 01:34:25.616,-0.055,-0.245
2021-08-01 01:34:25.620,-0.025,-0.235
2021-08-01 01:34:25.624,-0.01,-0.24
2021-08-01 01:34:25.628,-0.015,-0.245
2021-08-01 01:34:25.632,-0.02,-0.24
2021-08-01 01:34:25.636,-0.03,-0.26
2021-08-01 01:34:25.640,-0.04,-0.27
2021-08-01 01:34:25.644,-0.02,-0.275
2021-08-01 01:34:25.648,-0.03,-0.245
2021-08-01 01:34:25.652,-0.03,-0.24
2021-08-01 01:34:25.656,-0.015,-0.245
2021-08-01 01:34:25.660,-0.02,-0.23
2021-08-01 01:34:25.664,-0.035,-0.23
2021-08-01 01:34:25.668,-0.02,-0.24
2021-08-01 01:34:25.672,-0.02,-0.25
2021-08-01 01:34:25.676,-0.03,-0.24
2021-08-01 01:34:25.680,-0.03,-0.255
2021-08-01 01:34:25.684,-0.01,-0.255
2021-08-01 01:34:25.688,-0.02,-0.245
2021-08-01 01:34:25.692,-0.035,-0.24
2021-08-01 01:34:25.696,-0.015,-0.24
2021-08-01 01:34:25.700,-0.035,-0.235
2021-08-01 01:34:25.704,-0.04,-0.21
2021-08-01 01:34:25.708,-0.035,-0.21
2021-08-01 01:34:25.712,-0.025,-0.195
2021-08-01 01:34:25.716,-0.05,-0.21
2021-08-01 01:34:25.720,-0.03,-0.205
2021-08-01 01:34:25.724,-0.03,-0.2
2021-08-01 01:34:25.728,-0.04,-0.205
2021-08-01 01:34:25.732,-0.03,-0.2
2021-08-01 01:34:25.736,-0.045,-0.18
2021-08-01 01:34:25.740,-0.035,-0.17
2021-08-01 01:34:25.744,-0.025,-0.15
2021-08-01 01:34:25.748,-0.02,-0.15
2021-08-01 01:34:25.752,-0.04,-0.155
2021-08-01 01:34:25.756,-0.04,-0.15
2021-08-01 01:34:25.760,-0.04,-0.095
2021-08-01 01:34:25.764,-0.02,-0.11
2021-08-01 01:34:25.768,-0.025,-0.1
2021-08-01 01:34:25.772,-0.02,-0.11
2021-08-01 01:34:25.776,-0.035,-0.095
2021-08-01 01:34:25.780,-0.02,-0.085
2021-08-01 01:34:25.784,-0.025,-0.075
2021-08-01 01:34:25.788,-0.04,-0.07
2021-08-01 01:34:25.792,-0.025,-0.06
2021-08-01 01:34:25.796,-0.02,-0.06
2021-08-01 01:34:25.800,-0.03,-0.04
2021-08-01 01:34:25.804,-0.02,-0.035
2021-08-01 01:34:25.808,-0.02,-0.025
2021-08-01 01:34:25.812,-0.015,-0.015
2021-08-01 01:34:25.816,-0.015,0.005
2021-08-01 01:34:25.820,-0.01,0.005
2021-08-01 01:34:25.824,0.0,0.015
2021-08-01 01:34:25.828,0.01,0.01
2021-08-01 01:34:25.832,-0.005,0.015
2021-08-01 01:34:25.836,0.005,-0.005
2021-08-01 01:34:25.840,0.015,-0.005
2021-08-01 01:34:25.844,0.01,-0.005
2021-08-01 01:34:25.848,0.02,-0.025
2021-08-01 01:34:25.852,0.015,-0.035
2021-08-01 01:34:25.856,0.025,-0.04
2021-08-01 01:34:25.860,0.04,-0.075
2021-08-01 01:34:25.864,0.04,-0.08
2021-08-01 01:34:25.868,0.045,-0.08
2021-08-01 01:34:25.872,0.025,-0.1
2021-08-01 01:34:25.876,0.02,-0.095
2021-08-01 01:34:25.880,0.035,-0.11
2021-08-01 01:34:25.884,0.02,-0.105
2021-08-01 01:34:25.888,0.025,-0.115
2021-08-01 01:34:25.892,0.025,-0.12
2021-08-01 01:34:25.896,0.02,-0.13
2021-08-01 01:34:25.900,0.02,-0.13
2021-08-01 01:34:25.904,0.015,-0.12
2021-08-01 01:34:25.908,0.01,-0.105
2021-08-01 01:34:25.912,0.01,-0.125
2021-08-01 01:34:25.916,0.015,-0.12
2021-08-01 01:34:25.920,0.035,-0.11
2021-08-01 01:34:25.924,0.02,-0.115
2021-08-01 01:34:25.928,0.025,-0.115
2021-08-01 01:34:25.932,0.04,-0.115
2021-08-01 01:34:25.936,0.025,-0.09
2021-08-01 01:34:25.940,0.025,-0.1
2021-08-01 01:34:25.944,0.035,-0.1
2021-08-01 01:34:25.948,0.045,-0.11
2021-08-01 01:34:25.952,0.03,-0.11
2021-08-01 01:34:25.956,0.03,-0.115
2021-08-01 01:34:25.960,0.025,-0.115
2021-08-01 01:34:25.964,0.04,-0.105
2021-08-01 01:34:25.968,0.025,-0.1
2021-08-01 01:34:25.972,0.03,-0.1
2021-08-01 01:34:25.976,0.025,-0.095
2021-08-01 01:34:25.980,0.04,-0.095
2021-08-01 01:34:25.984,0.04,-0.115
2021-08-01 01:34:25.988,0.03,-0.11
2021-08-01 01:34:25.992,0.025,-0.11
2021-08-01 01:34:25.996,0.03,-0.135
2021-08-01 01:34:26.000,0.03,-0.105
2021-08-01 01:34:26.004,0.025,-0.115
2021-08-01 01:34:26.008,0.035,-0.12
2021-08-01 01:34:26.012,0.045,-0.12
2021-08-01 01:34:26.016,0.025,-0.125
2021-08-01 01:34:26.020,0.035,-0.115
2021-08-01 01:34:26.024,0.035,-0.115
2021-08-01 01:34:26.028,0.035,-0.13
2021-08-01 01:34:26.032,0.03,-0.145
2021-08-01 01:34:26.036,0.035,-0.135
2021-08-01 01:34:26.040,0.02,-0.115
2021-08-01 01:34:26.044,0.03,-0.105
2021-08-01 01:34:26.048,0.02,-0.09
2021-08-01 01:34:26.052,0.04,-0.055
2021-08-01 01:34:26.056,0.04,-0.035
2021-08-01 01:34:26.060,0.065,-0.02
2021-08-01 01:34:26.064,0.085,0.005
2021-08-01 01:34:26.068,0.095,0.0
2021-08-01 01:34:26.072,0.095,0.025
2021-08-01 01:34:26.076,0.12,0.03
2021-08-01 01:34:26.080,0.135,0.06
2021-08-01 01:34:26.084,0.135,0.075
2021-08-01 01:34:26.088,0.105,0.035
2021-08-01 01:34:26.092,0.09,-0.005
2021-08-01 01:34:26.096,0.07,-0.04
2021-08-01 01:34:26.100,0.035,-0.085
2021-08-01 01:34:26.104,0.03,-0.12
2021-08-01 01:34:26.108,0.02,-0.145
2021-08-01 01:34:26.112,-0.02,-0.145
2021-08-01 01:34:26.116,-0.01,-0.135
2021-08-01 01:34:26.120,-0.005,-0.125
2021-08-01 01:34:26.124,0.02,-0.125
2021-08-01 01:34:26.128,0.02,-0.15
2021-08-01 01:34:26.132,0.05,-0.19
2021-08-01 01:34:26.136,0.075,-0.175
2021-08-01 01:34:26.140,0.065,-0.19
2021-08-01 01:34:26.144,0.07,-0.2
2021-08-01 01:34:26.148,0.1,-0.225
2021-08-01 01:34:26.152,0.07,-0.23
2021-08-01 01:34:26.156,0.04,-0.245
2021-08-01 01:34:26.160,0.045,-0.24
2021-08-01 01:34:26.164,0.04,-0.245
2021-08-01 01:34:26.168,0.035,-0.235
2021-08-01 01:34:26.172,0.035,-0.255
2021-08-01 01:34:26.176,0.045,-0.235
2021-08-01 01:34:26.180,0.03,-0.235
2021-08-01 01:34:26.184,0.035,-0.225
2021-08-01 01:34:26.188,0.05,-0.245
2021-08-01 01:34:26.192,0.055,-0.235
2021-08-01 01:34:26.196,0.045,-0.23
2021-08-01 01:34:26.200,0.05,-0.225
2021-08-01 01:34:26.204,0.055,-0.245
2021-08-01 01:34:26.208,0.04,-0.265
2021-08-01 01:34:26.212,0.045,-0.25
2021-08-01 01:34:26.216,0.07,-0.165
2021-08-01 01:34:26.220,0.095,0.015
2021-08-01 01:34:26.224,0.125,0.275
2021-08-01 01:34:26.228,0.135,0.52
2021-08-01 01:34:26.232,0.205,0.67
2021-08-01 01:34:26.236,0.285,0.72
2021-08-01 01:34:26.240,0.37,0.695
2021-08-01 01:34:26.244,0.375,0.495
2021-08-01 01:34:26.248,0.325,-0.035
2021-08-01 01:34:26.252,0.265,-0.545
2021-08-01 01:34:26.256,0.12,-0.8
2021-08-01 01:34:26.260,-0.065,-0.835
2021-08-01 01:34:26.264,-0.23,-0.79
2021-08-01 01:34:26.268,-0.285,-0.685
2021-08-01 01:34:26.272,-0.265,-0.565
2021-08-01 01:34:26.276,-0.25,-0.435
2021-08-01 01:34:26.280,-0.195,-0.335
2021-08-01 01:34:26.284,-0.1,-0.265
2021-08-01 01:34:26.288,-0.02,-0.27
2021-08-01 01:34:26.292,0.015,-0.25
2021-08-01 01:34:26.296,0.035,-0.255
2021-08-01 01:34:26.300,0.04,-0.255
2021-08-01 01:34:26.304,0.04,-0.27
2021-08-01 01:34:26.308,0.04,-0.275
2021-08-01 01:34:26.312,0.045,-0.265
2021-08-01 01:34:26.316,0.04,-0.25
2021-08-01 01:34:26.320,0.025,-0.245
2021-08-01 01:34:26.324,0.025,-0.26
2021-08-01 01:34:26.328,0.04,-0.255
2021-08-01 01:34:26.332,0.05,-0.24
2021-08-01 01:34:26.336,0.025,-0.24
2021-08-01 01:34:26.340,0.045,-0.235
2021-08-01 01:34:26.344,0.045,-0.23
2021-08-01 01:34:26.348,0.035,-0.24
2021-08-01 01:34:26.352,0.035,-0.24
2021-08-01 01:34:26.356,0.035,-0.24
2021-08-01 01:34:26.360,0.035,-0.22
2021-08-01 01:34:26.364,0.04,-0.24
2021-08-01 01:34:26.368,0.045,-0.225
2021-08-01 01:34:26.372,0.03,-0.23
2021-08-01 01:34:26.376,0.035,-0.22
2021-08-01 01:34:26.380,0.03,-0.21
2021-08-01 01:34:26.384,0.045,-0.21
2021-08-01 01:34:26.388,0.03,-0.215
2021-08-01 01:34:26.392,0.02,-0.22
2021-08-01 01:34:26.396,0.02,-0.195
2021-08-01 01:34:26.400,0.045,-0.185
2021-08-01 01:34:26.404,0.035,-0.185
2021-08-01 01:34:26.408,0.035,-0.175
2021-08-01 01:34:26.412,0.025,-0.175
2021-08-01 01:34:26.416,0.03,-0.15
2021-08-01 01:34:26.420,0.03,-0.14
2021-08-01 01:34:26.424,0.035,-0.145
2021-08-01 01:34:26.428,0.015,-0.14
2021-08-01 01:34:26.432,0.035,-0.13
2021-08-01 01:34:26.436,0.05,-0.11
2021-08-01 01:34:26.440,0.03,-0.09
2021-08-01 01:34:26.444,0.04,-0.08
2021-08-01 01:34:26.448,0.05,-0.095
2021-08-01 01:34:26.452,0.05,-0.09
2021-08-01 01:34:26.456,0.04,-0.08
2021-08-01 01:34:26.460,0.04,-0.075
2021-08-01 01:34:26.464,0.04,-0.07
2021-08-01 01:34:26.468,0.03,-0.075
2021-08-01 01:34:26.472,0.04,-0.06
2021-08-01 01:34:26.476,0.035,-0.045
2021-08-01 01:34:26.480,0.06,-0.035
2021-08-01 01:34:26.484,0.06,-0.03
2021-08-01 01:34:26.488,0.04,-0.035
2021-08-01 01:34:26.492,0.05,-0.03
2021-08-01 01:34:26.496,0.04,0.0
2021-08-01 01:34:26.500,0.05,-0.01
2021-08-01 01:34:26.504,0.055,0.005
2021-08-01 01:34:26.508,0.035,0.0
2021-08-01 01:34:26.512,0.065,0.0
2021-08-01 01:34:26.516,0.06,-0.01
2021-08-01 01:34:26.520,0.05,-0.01
2021-08-01 01:34:26.524,0.065,-0.03
2021-08-01 01:34:26.528,0.055,-0.055
2021-08-01 01:34:26.532,0.055,-0.065
2021-08-01 01:34:26.536,0.075,-0.07
2021-08-01 01:34:26.540,0.06,-0.06
2021-08-01 01:34:26.544,0.065,-0.09
2021-08-01 01:34:26.548,0.05,-0.095
2021-08-01 01:34:26.552,0.045,-0.11
2021-08-01 01:34:26.556,0.055,-0.11
2021-08-01 01:34:26.560,0.08,-0.105
2021-08-01 01:34:26.564,0.055,-0.11
2021-08-01 01:34:26.568,0.065,-0.115
2021-08-01 01:34:26.572,0.055,-0.125
2021-08-01 01:34:26.576,0.045,-0.12
2021-08-01 01:34:26.580,0.055,-0.115
2021-08-01 01:34:26.584,0.075,-0.105
2021-08-01 01:34:26.588,0.055,-0.12
2021-08-01 01:34:26.592,0.065,-0.12
2021-08-01 01:34:26.596,0.055,-0.09
2021-08-01 01:34:26.600,0.055,-0.085
2021-08-01 01:34:26.604,0.035,-0.105
2021-08-01 01:34:26.608,0.05,-0.105
2021-08-01 01:34:26.612,0.065,-0.1
2021-08-01 01:34:26.616,0.065,-0.09
2021-08-01 01:34:26.620,0.045,-0.105
2021-08-01 01:34:26.624,0.055,-0.09
2021-08-01 01:34:26.628,0.06,-0.1
2021-08-01 01:34:26.632,0.045,-0.095
2021-08-01 01:34:26.636,0.05,-0.105
2021-08-01 01:34:26.640,0.07,-0.08
2021-08-01 01:34:26.644,0.065,-0.09
2021-08-01 01:34:26.648,0.055,-0.095
2021-08-01 01:34:26.652,0.04,-0.1
2021-08-01 01:34:26.656,0.03,-0.09
2021-08-01 01:34:26.660,0.06,-0.09
2021-08-01 01:34:26.664,0.045,-0.08
2021-08-01 01:34:26.668,0.03,-0.105
2021-08-01 01:34:26.672,0.035,-0.115
2021-08-01 01:34:26.676,0.045,-0.1
2021-08-01 01:34:26.680,0.045,-0.11
2021-08-01 01:34:26.684,0.025,-0.11
2021-08-01 01:34:26.688,0.04,-0.115
2021-08-01 01:34:26.692,0.03,-0.12
2021-08-01 01:34:26.696,0.02,-0.11
2021-08-01 01:34:26.700,0.035,-0.12
2021-08-01 01:34:26.704,0.045,-0.125
2021-08-01 01:34:26.708,0.05,-0.13
2021-08-01 01:34:26.712,0.04,-0.135
2021-08-01 01:34:26.716,0.02,-0.135
2021-08-01 01:34:26.720,0.035,-0.105
2021-08-01 01:34:26.724,0.025,-0.075
2021-08-01 01:34:26.728,0.03,-0.05
2021-08-01 01:34:26.732,0.06,-0.025
2021-08-01 01:34:26.736,0.075,-0.005
2021-08-01 01:34:26.740,0.065,0.02
2021-08-01 01:34:26.744,0.09,-0.005
2021-08-01 01:34:26.748,0.105,0.02
2021-08-01 01:34:26.752,0.12,0.055
2021-08-01 01:34:26.756,0.105,0.07
2021-08-01 01:34:26.760,0.095,0.05
2021-08-01 01:34:26.764,0.075,0.015
2021-08-01 01:34:26.768,0.07,-0.015
2021-08-01 01:34:26.772,0.025,-0.07
2021-08-01 01:34:26.776,0.01,-0.11
2021-08-01 01:34:26.780,-0.015,-0.125
2021-08-01 01:34:26.784,-0.025,-0.14
2021-08-01 01:34:26.788,-0.02,-0.115
2021-08-01 01:34:26.792,-0.03,-0.11
2021-08-01 01:34:26.796,-0.02,-0.105
2021-08-01 01:34:26.800,-0.01,-0.12
2021-08-01 01:34:26.804,0.01,-0.15
2021-08-01 01:34:26.808,0.005,-0.18
2021-08-01 01:34:26.812,0.03,-0.175
2021-08-01 01:34:26.816,0.03,-0.185
2021-08-01 01:34:26.820,0.035,-0.205
2021-08-01 01:34:26.824,0.04,-0.22
2021-08-01 01:34:26.828,0.035,-0.23
2021-08-01 01:34:26.832,0.02,-0.24
2021-08-01 01:34:26.836,0.025,-0.235
2021-08-01 01:34:26.840,0.02,-0.24
2021-08-01 01:34:26.844,0.025,-0.245
2021-08-01 01:34:26.848,0.015,-0.23
2021-08-01 01:34:26.852,0.0,-0.225
2021-08-01 01:34:26.856,0.02,-0.23
2021-08-01 01:34:26.860,0.015,-0.23
2021-08-01 01:34:26.864,0.005,-0.24
2021-08-01 01:34:26.868,0.0,-0.24
2021-08-01 01:34:26.872,0.035,-0.24
2021-08-01 01:34:26.876,0.02,-0.22
2021-08-01 01:34:26.880,0.015,-0.24
2021-08-01 01:34:26.884,0.045,-0.27
2021-08-01 01:34:26.888,0.04,-0.28
2021-08-01 01:34:26.892,0.02,-0.185
2021-08-01 01:34:26.896,0.05,-0.015
2021-08-01 01:34:26.900,0.08,0.225
2021-08-01 01:34:26.904,0.105,0.435
2021-08-01 01:34:26.908,0.155,0.65
2021-08-01 01:34:26.912,0.265,0.73
2021-08-01 01:34:26.916,0.34,0.715
2021-08-01 01:34:26.920,0.33,0.565
2021-08-01 01:34:26.924,0.255,0.11
2021-08-01 01:34:26.928,0.195,-0.44
2021-08-01 01:34:26.932,0.055,-0.735
2021-08-01 01:34:26.936,-0.14,-0.83
2021-08-01 01:34:26.940,-0.3,-0.79
2021-08-01 01:34:26.944,-0.35,-0.65
2021-08-01 01:34:26.948,-0.345,-0.535
2021-08-01 01:34:26.952,-0.285,-0.42
2021-08-01 01:34:26.956,-0.22,-0.31
2021-08-01 01:34:26.960,-0.095,-0.245
2021-08-01 01:34:26.964,-0.035,-0.275
2021-08-01 01:34:26.968,0.0,-0.255
2021-08-01 01:34:26.972,0.03,-0.245
2021-08-01 01:34:26.976,0.035,-0.27
2021-08-01 01:34:26.980,0.035,-0.255
2021-08-01 01:34:26.984,0.025,-0.25
2021-08-01 01:34:26.988,0.02,-0.27
2021-08-01 01:34:26.992,0.025,-0.26
2021-08-01 01:34:26.996,0.025,-0.255
2021-08-01 01:34:27.000,0.005,-0.255
2021-08-01 01:34:27.004,0.015,-0.26
2021-08-01 01:34:27.008,0.045,-0.25
2021-08-01 01:34:27.012,0.025,-0.24
2021-08-01 01:34:27.016,0.04,-0.235
2021-08-01 01:34:27.020,0.025,-0.24
2021-08-01 01:34:27.024,0.025,-0.23
2021-08-01 01:34:27.028,0.02,-0.23
2021-08-01 01:34:27.032,0.05,-0.25
2021-08-01 01:34:27.036,0.025,-0.235
2021-08-01 01:34:27.040,0.02,-0.225
2021-08-01 01:34:27.044,0.025,-0.225
2021-08-01 01:34:27.048,0.02,-0.22
2021-08-01 01:34:27.052,0.015,-0.225
2021-08-01 01:34:27.056,0.02,-0.2
2021-08-01 01:34:27.060,0.03,-0.195
2021-08-01 01:34:27.064,0.03,-0.195
2021-08-01 01:34:27.068,0.03,-0.2
2021-08-01 01:34:27.072,0.04,-0.185
2021-08-01 01:34:27.076,0.025,-0.17
2021-08-01 01:34:27.080,0.025,-0.16
2021-08-01 01:34:27.084,0.035,-0.175
2021-08-01 01:34:27.088,0.045,-0.15
2021-08-01 01:34:27.092,0.035,-0.145
2021-08-01 01:34:27.096,0.055,-0.13
2021-08-01 01:34:27.100,0.03,-0.13
2021-08-01 01:34:27.104,0.04,-0.12
2021-08-01 01:34:27.108,0.045,-0.11
2021-08-01 01:34:27.112,0.06,-0.095
2021-08-01 01:34:27.116,0.04,-0.09
2021-08-01 01:34:27.120,0.055,-0.07
2021-08-01 01:34:27.124,0.05,-0.075
2021-08-01 01:34:27.128,0.075,-0.065
2021-08-01 01:34:27.132,0.06,-0.045
2021-08-01 01:34:27.136,0.085,-0.03
2021-08-01 01:34:27.140,0.085,-0.025
2021-08-01 01:34:27.144,0.085,-0.015
2021-08-01 01:34:27.148,0.06,-0.015
2021-08-01 01:34:27.152,0.095,-0.005
2021-08-01 01:34:27.156,0.08,0.0
2021-08-01 01:34:27.160,0.085,0.015
2021-08-01 01:34:27.164,0.08,-0.01
2021-08-01 01:34:27.168,0.085,0.015
2021-08-01 01:34:27.172,0.08,0.035
2021-08-01 01:34:27.176,0.075,0.025
2021-08-01 01:34:27.180,0.1,0.03
2021-08-01 01:34:27.184,0.115,0.015
2021-08-01 01:34:27.188,0.095,0.01
2021-08-01 01:34:27.192,0.085,0.01
2021-08-01 01:34:27.196,0.075,0.0
2021-08-01 01:34:27.200,0.105,0.0
2021-08-01 01:34:27.204,0.095,-0.01
2021-08-01 01:34:27.208,0.11,-0.035
2021-08-01 01:34:27.212,0.105,-0.045
2021-08-01 01:34:27.216,0.11,-0.065
2021-08-01 01:34:27.220,0.085,-0.075
2021-08-01 01:34:27.224,0.095,-0.095
2021-08-01 01:34:27.228,0.12,-0.075
2021-08-01 01:34:27.232,0.095,-0.075
2021-08-01 01:34:27.236,0.1,-0.085
2021-08-01 01:34:27.240,0.095,-0.09
2021-08-01 01:34:27.244,0.11,-0.1
2021-08-01 01:34:27.248,0.1,-0.08
2021-08-01 01:34:27.252,0.1,-0.105
2021-08-01 01:34:27.256,0.1,-0.07
2021-08-01 01:34:27.260,0.11,-0.09
2021-08-01 01:34:27.264,0.1,-0.09
2021-08-01 01:34:27.268,0.1,-0.08
2021-08-01 01:34:27.272,0.1,-0.09
2021-08-01 01:34:27.276,0.11,-0.08
2021-08-01 01:34:27.280,0.1,-0.085
2021-08-01 01:34:27.284,0.11,-0.07
2021-08-01 01:34:27.288,0.095,-0.09
2021-08-01 01:34:27.292,0.095,-0.07
2021-08-01 01:34:27.296,0.105,-0.065
2021-08-01 01:34:27.300,0.1,-0.075
2021-08-01 01:34:27.304,0.095,-0.085
2021-08-01 01:34:27.308,0.095,-0.075
2021-08-01 01:34:27.312,0.1,-0.075
2021-08-01 01:34:27.316,0.085,-0.085
2021-08-01 01:34:27.320,0.1,-0.075
2021-08-01 01:34:27.324,0.105,-0.085
2021-08-01 01:34:27.328,0.09,-0.07
2021-08-01 01:34:27.332,0.07,-0.08
2021-08-01 01:34:27.336,0.095,-0.095
2021-08-01 01:34:27.340,0.085,-0.1
2021-08-01 01:34:27.344,0.08,-0.1
2021-08-01 01:34:27.348,0.105,-0.065
2021-08-01 01:34:27.352,0.085,-0.075
2021-08-01 01:34:27.356,0.08,-0.08
2021-08-01 01:34:27.360,0.075,-0.115
2021-08-01 01:34:27.364,0.075,-0.105
2021-08-01 01:34:27.368,0.085,-0.095
2021-08-01 01:34:27.372,0.075,-0.115
2021-08-01 01:34:27.376,0.075,-0.11
2021-08-01 01:34:27.380,0.06,-0.095
2021-08-01 01:34:27.384,0.1,-0.095
2021-08-01 01:34:27.388,0.08,-0.095
2021-08-01 01:34:27.392,0.075,-0.095
2021-08-01 01:34:27.396,0.075,-0.075
2021-08-01 01:34:27.400,0.06,-0.05
2021-08-01 01:34:27.404,0.09,-0.035
2021-08-01 01:34:27.408,0.1,0.0
2021-08-01 01:34:27.412,0.105,0.005
2021-08-01 01:34:27.416,0.125,0.03
2021-08-01 01:34:27.420,0.125,0.025
2021-08-01 01:34:27.424,0.13,0.025
2021-08-01 01:34:27.428,0.15,0.04
2021-08-01 01:34:27.432,0.155,0.065
2021-08-01 01:34:27.436,0.145,0.065
2021-08-01 01:34:27.440,0.135,0.03
2021-08-01 01:34:27.444,0.13,0.01
2021-08-01 01:34:27.448,0.09,-0.015
2021-08-01 01:34:27.452,0.055,-0.08
2021-08-01 01:34:27.456,0.045,-0.125
2021-08-01 01:34:27.460,0.015,-0.115
2021-08-01 01:34:27.464,0.01,-0.11
2021-08-01 01:34:27.468,0.005,-0.095
2021-08-01 01:34:27.472,0.0,-0.075
2021-08-01 01:34:27.476,0.02,-0.105
2021-08-01 01:34:27.480,0.03,-0.12
2021-08-01 01:34:27.484,0.04,-0.145
2021-08-01 01:34:27.488,0.055,-0.145
2021-08-01 01:34:27.492,0.075,-0.165
2021-08-01 01:34:27.496,0.09,-0.195
2021-08-01 01:34:27.500,0.08,-0.195
2021-08-01 01:34:27.504,0.075,-0.215
2021-08-01 01:34:27.508,0.075,-0.23
2021-08-01 01:34:27.512,0.06,-0.215
2021-08-01 01:34:27.516,0.06,-0.22
2021-08-01 01:34:27.520,0.05,-0.235
2021-08-01 01:34:27.524,0.065,-0.225
2021-08-01 01:34:27.528,0.04,-0.215
2021-08-01 01:34:27.532,0.06,-0.22
2021-08-01 01:34:27.536,0.07,-0.22
2021-08-01 01:34:27.540,0.06,-0.22
2021-08-01 01:34:27.544,0.065,-0.225
2021-08-01 01:34:27.548,0.055,-0.215
2021-08-01 01:34:27.552,0.035,-0.225
2021-08-01 01:34:27.556,0.055,-0.225
2021-08-01 01:34:27.560,0.065,-0.26
2021-08-01 01:34:27.564,0.06,-0.28
2021-08-01 01:34:27.568,0.07,-0.215
2021-08-01 01:34:27.572,0.09,-0.085
2021-08-01 01:34:27.576,0.115,0.135
2021-08-01 01:34:27.580,0.13,0.375
2021-08-01 01:34:27.584,0.16,0.595
2021-08-01 01:34:27.588,0.255,0.68
2021-08-01 01:34:27.592,0.345,0.69
2021-08-01 01:34:27.596,0.345,0.6
2021-08-01 01:34:27.600,0.29,0.17
2021-08-01 01:34:27.604,0.24,-0.395
2021-08-01 01:34:27.608,0.1,-0.715
2021-08-01 01:34:27.612,-0.095,-0.83
2021-08-01 01:34:27.616,-0.24,-0.805
2021-08-01 01:34:27.620,-0.345,-0.71
2021-08-01 01:34:27.624,-0.32,-0.565
2021-08-01 01:34:27.628,-0.28,-0.42
2021-08-01 01:34:27.632,-0.21,-0.345
2021-08-01 01:34:27.636,-0.095,-0.26
2021-08-01 01:34:27.640,-0.04,-0.255
2021-08-01 01:34:27.644,0.01,-0.26
2021-08-01 01:34:27.648,0.045,-0.26
2021-08-01 01:34:27.652,0.055,-0.245
2021-08-01 01:34:27.656,0.07,-0.26
2021-08-01 01:34:27.660,0.06,-0.24
2021-08-01 01:34:27.664,0.05,-0.225
2021-08-01 01:34:27.668,0.03,-0.24
2021-08-01 01:34:27.672,0.045,-0.245
2021-08-01 01:34:27.676,0.025,-0.245
2021-08-01 01:34:27.680,0.025,-0.265
2021-08-01 01:34:27.684,0.05,-0.245
2021-08-01 01:34:27.688,0.045,-0.235
2021-08-01 01:34:27.692,0.055,-0.24
2021-08-01 01:34:27.696,0.05,-0.245
2021-08-01 01:34:27.700,0.035,-0.245
2021-08-01 01:34:27.704,0.025,-0.23
2021-08-01 01:34:27.708,0.035,-0.225
2021-08-01 01:34:27.712,0.05,-0.235
2021-08-01 01:34:27.716,0.035,-0.225
2021-08-01 01:34:27.720,0.04,-0.205
2021-08-01 01:34:27.724,0.04,-0.22
2021-08-01 01:34:27.728,0.035,-0.22
2021-08-01 01:34:27.732,0.02,-0.21
2021-08-01 01:34:27.736,0.035,-0.21
2021-08-01 01:34:27.740,0.025,-0.2
2021-08-01 01:34:27.744,0.035,-0.195
2021-08-01 01:34:27.748,0.04,-0.185
2021-08-01 01:34:27.752,0.025,-0.19
2021-08-01 01:34:27.756,0.05,-0.175
2021-08-01 01:34:27.760,0.025,-0.17
2021-08-01 01:34:27.764,0.035,-0.15
2021-08-01 01:34:27.768,0.045,-0.15
2021-08-01 01:34:27.772,0.03,-0.14
2021-08-01 01:34:27.776,0.03,-0.145
2021-08-01 01:34:27.780,0.035,-0.125
2021-08-01 01:34:27.784,0.045,-0.1
2021-08-01 01:34:27.788,0.03,-0.09
2021-08-01 01:34:27.792,0.04,-0.095
2021-08-01 01:34:27.796,0.035,-0.09
2021-08-01 01:34:27.800,0.045,-0.07
2021-08-01 01:34:27.804,0.035,-0.06
2021-08-01 01:34:27.808,0.065,-0.06
2021-08-01 01:34:27.812,0.07,-0.025
2021-08-01 01:34:27.816,0.06,-0.035
2021-08-01 01:34:27.820,0.05,-0.04
2021-08-01 01:34:27.824,0.06,-0.025
2021-08-01 01:34:27.828,0.06,-0.015
2021-08-01 01:34:27.832,0.065,0.0
2021-08-01 01:34:27.836,0.065,0.005
2021-08-01 01:34:27.840,0.07,0.01
2021-08-01 01:34:27.844,0.045,0.02
2021-08-01 01:34:27.848,0.07,0.015
2021-08-01 01:34:27.852,0.09,0.05
2021-08-01 01:34:27.856,0.08,0.04
2021-08-01 01:34:27.860,0.08,0.03
2021-08-01 01:34:27.864,0.1,0.02
2021-08-01 01:34:27.868,0.09,0.025
2021-08-01 01:34:27.872,0.08,0.01
2021-08-01 01:34:27.876,0.08,0.0
2021-08-01 01:34:27.880,0.095,-0.01
2021-08-01 01:34:27.884,0.095,-0.015
2021-08-01 01:34:27.888,0.095,-0.055
2021-08-01 01:34:27.892,0.095,-0.06
2021-08-01 01:34:27.896,0.08,-0.085
2021-08-01 01:34:27.900,0.095,-0.075
2021-08-01 01:34:27.904,0.09,-0.1
2021-08-01 01:34:27.908,0.08,-0.08
2021-08-01 01:34:27.912,0.085,-0.08
2021-08-01 01:34:27.916,0.08,-0.11
2021-08-01 01:34:27.920,0.095,-0.105
2021-08-01 01:34:27.924,0.075,-0.08
2021-08-01 01:34:27.928,0.07,-0.105
2021-08-01 01:34:27.932,0.09,-0.1
2021-08-01 01:34:27.936,0.075,-0.125
2021-08-01 01:34:27.940,0.08,-0.105
2021-08-01 01:34:27.944,0.085,-0.11
2021-08-01 01:34:27.948,0.085,-0.105
2021-08-01 01:34:27.952,0.07,-0.11
2021-08-01 01:34:27.956,0.08,-0.095
2021-08-01 01:34:27.960,0.1,-0.09
2021-08-01 01:34:27.964,0.11,-0.065
2021-08-01 01:34:27.968,0.08,-0.06
2021-08-01 01:34:27.972,0.075,-0.08
2021-08-01 01:34:27.976,0.085,-0.1
2021-08-01 01:34:27.980,0.065,-0.09
2021-08-01 01:34:27.984,0.09,-0.08
2021-08-01 01:34:27.988,0.08,-0.08
2021-08-01 01:34:27.992,0.075,-0.11
2021-08-01 01:34:27.996,0.085,-0.1
2021-08-01 01:34:28.000,0.08,-0.085
2021-08-01 01:34:28.004,0.075,-0.075
2021-08-01 01:34:28.008,0.075,-0.09
2021-08-01 01:34:28.012,0.1,-0.095
2021-08-01 01:34:28.016,0.06,-0.11
2021-08-01 01:34:28.020,0.07,-0.085
2021-08-01 01:34:28.024,0.065,-0.11
2021-08-01 01:34:28.028,0.065,-0.085
2021-08-01 01:34:28.032,0.065,-0.09
2021-08-01 01:34:28.036,0.065,-0.09
2021-08-01 01:34:28.040,0.07,-0.095
2021-08-01 01:34:28.044,0.07,-0.105
2021-08-01 01:34:28.048,0.06,-0.11
2021-08-01 01:34:28.052,0.06,-0.095
2021-08-01 01:34:28.056,0.07,-0.105
2021-08-01 01:34:28.060,0.065,-0.07
2021-08-01 01:34:28.064,0.065,-0.095
2021-08-01 01:34:28.068,0.065,-0.105
2021-08-01 01:34:28.072,0.06,-0.105
2021-08-01 01:34:28.076,0.06,-0.06
2021-08-01 01:34:28.080,0.065,-0.04
2021-08-01 01:34:28.084,0.075,-0.005
2021-08-01 01:34:28.088,0.105,0.025
2021-08-01 01:34:28.092,0.11,0.02
2021-08-01 01:34:28.096,0.12,0.02
2021-08-01 01:34:28.100,0.135,0.05
2021-08-01 01:34:28.104,0.13,0.07
2021-08-01 01:34:28.108,0.15,0.075
2021-08-01 01:34:28.112,0.16,0.09
2021-08-01 01:34:28.116,0.135,0.07
2021-08-01 01:34:28.120,0.135,0.035
2021-08-01 01:34:28.124,0.075,0.0
2021-08-01 01:34:28.128,0.06,-0.08
2021-08-01 01:34:28.132,0.035,-0.115
2021-08-01 01:34:28.136,0.015,-0.12
2021-08-01 01:34:28.140,0.0,-0.1
2021-08-01 01:34:28.144,0.0,-0.105
2021-08-01 01:34:28.148,0.01,-0.09
2021-08-01 01:34:28.152,0.035,-0.09
2021-08-01 01:34:28.156,0.045,-0.1
2021-08-01 01:34:28.160,0.06,-0.125
2021-08-01 01:34:28.164,0.065,-0.135
2021-08-01 01:34:28.168,0.07,-0.15
2021-08-01 01:34:28.172,0.07,-0.18
2021-08-01 01:34:28.176,0.08,-0.205
2021-08-01 01:34:28.180,0.065,-0.205
2021-08-01 01:34:28.184,0.055,-0.2
2021-08-01 01:34:28.188,0.055,-0.205
2021-08-01 01:34:28.192,0.03,-0.195
2021-08-01 01:34:28.196,0.055,-0.205
2021-08-01 01:34:28.200,0.06,-0.19
2021-08-01 01:34:28.204,0.07,-0.19
2021-08-01 01:34:28.208,0.065,-0.195
2021-08-01 01:34:28.212,0.055,-0.22
2021-08-01 01:34:28.216,0.06,-0.21
2021-08-01 01:34:28.220,0.06,-0.2
2021-08-01 01:34:28.224,0.065,-0.21
2021-08-01 01:34:28.228,0.065,-0.195
2021-08-01 01:34:28.232,0.065,-0.22
2021-08-01 01:34:28.236,0.06,-0.22
2021-08-01 01:34:28.240,0.065,-0.21
2021-08-01 01:34:28.244,0.085,-0.125
2021-08-01 01:34:28.248,0.09,0.05
2021-08-01 01:34:28.252,0.095,0.29
2021-08-01 01:34:28.256,0.13,0.54
2021-08-01 01:34:28.260,0.195,0.675
2021-08-01 01:34:28.264,0.275,0.7
2021-08-01 01:34:28.268,0.34,0.655
2021-08-01 01:34:28.272,0.365,0.4
2021-08-01 01:34:28.276,0.34,-0.1
2021-08-01 01:34:28.280,0.315,-0.56
2021-08-01 01:34:28.284,0.175,-0.795
2021-08-01 01:34:28.288,-0.03,-0.845
2021-08-01 01:34:28.292,-0.19,-0.8
2021-08-01 01:34:28.296,-0.265,-0.75
2021-08-01 01:34:28.300,-0.265,-0.595
2021-08-01 01:34:28.304,-0.255,-0.47
2021-08-01 01:34:28.308,-0.21,-0.365
2021-08-01 01:34:28.312,-0.115,-0.265
2021-08-01 01:34:28.316,-0.065,-0.225
2021-08-01 01:34:28.320,0.01,-0.21
2021-08-01 01:34:28.324,0.03,-0.22
2021-08-01 01:34:28.328,0.06,-0.23
2021-08-01 01:34:28.332,0.055,-0.23
2021-08-01 01:34:28.336,0.035,-0.235
2021-08-01 01:34:28.340,0.05,-0.23
2021-08-01 01:34:28.344,0.055,-0.245
2021-08-01 01:34:28.348,0.055,-0.215
2021-08-01 01:34:28.352,0.045,-0.24
2021-08-01 01:34:28.356,0.055,-0.23
2021-08-01 01:34:28.360,0.035,-0.225
2021-08-01 01:34:28.364,0.03,-0.21
2021-08-01 01:34:28.368,0.045,-0.235
2021-08-01 01:34:28.372,0.04,-0.225
2021-08-01 01:34:28.376,0.025,-0.225
2021-08-01 01:34:28.380,0.04,-0.22
2021-08-01 01:34:28.384,0.05,-0.21
2021-08-01 01:34:28.388,0.03,-0.21
2021-08-01 01:34:28.392,0.03,-0.23
2021-08-01 01:34:28.396,0.025,-0.205
2021-08-01 01:34:28.400,0.03,-0.195
2021-08-01 01:34:28.404,0.015,-0.2
2021-08-01 01:34:28.408,0.025,-0.195
2021-08-01 01:34:28.412,0.01,-0.19
2021-08-01 01:34:28.416,0.03,-0.18
2021-08-01 01:34:28.420,0.02,-0.18
2021-08-01 01:34:28.424,0.015,-0.16
2021-08-01 01:34:28.428,0.02,-0.175
2021-08-01 01:34:28.432,0.03,-0.18
2021-08-01 01:34:28.436,0.01,-0.155
2021-08-01 01:34:28.440,0.035,-0.155
2021-08-01 01:34:28.444,0.01,-0.14
2021-08-01 01:34:28.448,0.035,-0.145
2021-08-01 01:34:28.452,0.03,-0.12
2021-08-01 01:34:28.456,0.03,-0.105
2021-08-01 01:34:28.460,0.03,-0.105
2021-08-01 01:34:28.464,0.025,-0.105
2021-08-01 01:34:28.468,0.015,-0.1
2021-08-01 01:34:28.472,0.03,-0.085
2021-08-01 01:34:28.476,0.02,-0.065
2021-08-01 01:34:28.480,0.02,-0.04
2021-08-01 01:34:28.484,0.02,-0.05
2021-08-01 01:34:28.488,0.03,-0.065
2021-08-01 01:34:28.492,0.035,-0.055
2021-08-01 01:34:28.496,0.025,-0.035
2021-08-01 01:34:28.500,0.03,-0.035
2021-08-01 01:34:28.504,0.04,-0.045
2021-08-01 01:34:28.508,0.025,-0.015
2021-08-01 01:34:28.512,0.025,-0.015
2021-08-01 01:34:28.516,0.035,-0.005
2021-08-01 01:34:28.520,0.02,0.03
2021-08-01 01:34:28.524,0.035,0.015
2021-08-01 01:34:28.528,0.035,0.015
2021-08-01 01:34:28.532,0.04,0.015
2021-08-01 01:34:28.536,0.045,0.025
2021-08-01 01:34:28.540,0.04,0.03
2021-08-01 01:34:28.544,0.05,0.03
2021-08-01 01:34:28.548,0.055,0.035
2021-08-01 01:34:28.552,0.055,0.02
2021-08-01 01:34:28.556,0.045,0.0
2021-08-01 01:34:28.560,0.06,-0.015
2021-08-01 01:34:28.564,0.055,-0.02
2021-08-01 01:34:28.568,0.07,-0.055
2021-08-01 01:34:28.572,0.08,-0.065
2021-08-01 01:34:28.576,0.07,-0.06
2021-08-01 01:34:28.580,0.07,-0.06
2021-08-01 01:34:28.584,0.06,-0.07
2021-08-01 01:34:28.588,0.085,-0.075
2021-08-01 01:34:28.592,0.07,-0.08
2021-08-01 01:34:28.596,0.07,-0.085
2021-08-01 01:34:28.600,0.05,-0.075
2021-08-01 01:34:28.604,0.06,-0.09
2021-08-01 01:34:28.608,0.075,-0.095
2021-08-01 01:34:28.612,0.08,-0.095
2021-08-01 01:34:28.616,0.055,-0.09
2021-08-01 01:34:28.620,0.065,-0.09
2021-08-01 01:34:28.624,0.07,-0.08
2021-08-01 01:34:28.628,0.08,-0.09
2021-08-01 01:34:28.632,0.06,-0.08
2021-08-01 01:34:28.636,0.065,-0.065
2021-08-01 01:34:28.640,0.08,-0.06
2021-08-01 01:34:28.644,0.065,-0.075
2021-08-01 01:34:28.648,0.065,-0.075
2021-08-01 01:34:28.652,0.06,-0.095
2021-08-01 01:34:28.656,0.065,-0.075
2021-08-01 01:34:28.660,0.07,-0.075
2021-08-01 01:34:28.664,0.065,-0.085
2021-08-01 01:34:28.668,0.07,-0.08
2021-08-01 01:34:28.672,0.075,-0.08
2021-08-01 01:34:28.676,0.075,-0.085
2021-08-01 01:34:28.680,0.085,-0.07
2021-08-01 01:34:28.684,0.075,-0.075
2021-08-01 01:34:28.688,0.05,-0.105
2021-08-01 01:34:28.692,0.055,-0.09
2021-08-01 01:34:28.696,0.06,-0.09
2021-08-01 01:34:28.700,0.055,-0.09
2021-08-01 01:34:28.704,0.065,-0.095
2021-08-01 01:34:28.708,0.07,-0.1
2021-08-01 01:34:28.712,0.065,-0.095
2021-08-01 01:34:28.716,0.06,-0.105
2021-08-01 01:34:28.720,0.045,-0.1
2021-08-01 01:34:28.724,0.07,-0.105
2021-08-01 01:34:28.728,0.055,-0.12
2021-08-01 01:34:28.732,0.06,-0.11
2021-08-01 01:34:28.736,0.07,-0.1
2021-08-01 01:34:28.740,0.065,-0.115
2021-08-01 01:34:28.744,0.055,-0.105
2021-08-01 01:34:28.748,0.06,-0.07
2021-08-01 01:34:28.752,0.075,-0.035
2021-08-01 01:34:28.756,0.08,-0.01
2021-08-01 01:34:28.760,0.1,0.02
2021-08-01 01:34:28.764,0.11,0.02
2021-08-01 01:34:28.768,0.1,0.025
2021-08-01 01:34:28.772,0.115,0.035
2021-08-01 01:34:28.776,0.125,0.075
2021-08-01 01:34:28.780,0.145,0.085
2021-08-01 01:34:28.784,0.125,0.06
2021-08-01 01:34:28.788,0.13,0.04
2021-08-01 01:34:28.792,0.085,-0.005
2021-08-01 01:34:28.796,0.07,-0.035
2021-08-01 01:34:28.800,0.05,-0.12
2021-08-01 01:34:28.804,0.035,-0.135
2021-08-01 01:34:28.808,0.01,-0.14
2021-08-01 01:34:28.812,0.01,-0.125
2021-08-01 01:34:28.816,-0.005,-0.12
2021-08-01 01:34:28.820,0.0,-0.125
2021-08-01 01:34:28.824,0.0,-0.13
2021-08-01 01:34:28.828,0.03,-0.155
2021-08-01 01:34:28.832,0.05,-0.18
2021-08-01 01:34:28.836,0.07,-0.17
2021-08-01 01:34:28.840,0.075,-0.175
2021-08-01 01:34:28.844,0.07,-0.2
2021-08-01 01:34:28.848,0.06,-0.22
2021-08-01 01:34:28.852,0.065,-0.225
2021-08-01 01:34:28.856,0.055,-0.245
2021-08-01 01:34:28.860,0.065,-0.24
2021-08-01 01:34:28.864,0.01,-0.245
2021-08-01 01:34:28.868,0.04,-0.245
2021-08-01 01:34:28.872,0.055,-0.235
2021-08-01 01:34:28.876,0.045,-0.225
2021-08-01 01:34:28.880,0.035,-0.235
2021-08-01 01:34:28.884,0.03,-0.245
2021-08-01 01:34:28.888,0.05,-0.255
2021-08-01 01:34:28.892,0.035,-0.235
2021-08-01 01:34:28.896,0.06,-0.24
2021-08-01 01:34:28.900,0.045,-0.235
2021-08-01 01:34:28.904,0.055,-0.255
2021-08-01 01:34:28.908,0.05,-0.26
2021-08-01 01:34:28.912,0.06,-0.275
2021-08-01 01:34:28.916,0.04,-0.23
2021-08-01 01:34:28.920,0.055,-0.12
2021-08-01 01:34:28.924,0.08,0.065
2021-08-01 01:34:28.928,0.105,0.29
2021-08-01 01:34:28.932,0.13,0.55
2021-08-01 01:34:28.936,0.215,0.685
2021-08-01 01:34:28.940,0.315,0.71
2021-08-01 01:34:28.944,0.355,0.67
2021-08-01 01:34:28.948,0.37,0.42
2021-08-01 01:34:28.952,0.335,-0.12
2021-08-01 01:34:28.956,0.275,-0.6
2021-08-01 01:34:28.960,0.125,-0.815
2021-08-01 01:34:28.964,-0.065,-0.835
2021-08-01 01:34:28.968,-0.21,-0.795
2021-08-01 01:34:28.972,-0.27,-0.69
2021-08-01 01:34:28.976,-0.265,-0.56
2021-08-01 01:34:28.980,-0.24,-0.465
2021-08-01 01:34:28.984,-0.2,-0.355
2021-08-01 01:34:28.988,-0.12,-0.28
2021-08-01 01:34:28.992,-0.035,-0.265
2021-08-01 01:34:28.996,0.025,-0.245
2021-08-01 01:34:29.000,0.04,-0.265
2021-08-01 01:34:29.004,0.05,-0.275
2021-08-01 01:34:29.008,0.05,-0.28
2021-08-01 01:34:29.012,0.055,-0.25
2021-08-01 01:34:29.016,0.06,-0.27
2021-08-01 01:34:29.020,0.06,-0.26
2021-08-01 01:34:29.024,0.045,-0.255
2021-08-01 01:34:29.028,0.045,-0.25
2021-08-01 01:34:29.032,0.035,-0.255
2021-08-01 01:34:29.036,0.04,-0.255
2021-08-01 01:34:29.040,0.035,-0.26
2021-08-01 01:34:29.044,0.045,-0.255
2021-08-01 01:34:29.048,0.045,-0.255
2021-08-01 01:34:29.052,0.04,-0.25
2021-08-01 01:34:29.056,0.04,-0.245
2021-08-01 01:34:29.060,0.045,-0.245
2021-08-01 01:34:29.064,0.04,-0.23
2021-08-01 01:34:29.068,0.045,-0.24
2021-08-01 01:34:29.072,0.035,-0.235
2021-08-01 01:34:29.076,0.055,-0.225
2021-08-01 01:34:29.080,0.03,-0.245
2021-08-01 01:34:29.084,0.025,-0.25
2021-08-01 01:34:29.088,0.035,-0.225
2021-08-01 01:34:29.092,0.04,-0.215
2021-08-01 01:34:29.096,0.025,-0.215
2021-08-01 01:34:29.100,0.03,-0.2
2021-08-01 01:34:29.104,0.045,-0.2
2021-08-01 01:34:29.108,0.04,-0.19
2021-08-01 01:34:29.112,0.045,-0.2
2021-08-01 01:34:29.116,0.05,-0.18
2021-08-01 01:34:29.120,0.04,-0.16
2021-08-01 01:34:29.124,0.04,-0.15
2021-08-01 01:34:29.128,0.055,-0.16
2021-08-01 01:34:29.132,0.05,-0.125
2021-08-01 01:34:29.136,0.045,-0.14
2021-08-01 01:34:29.140,0.065,-0.125
2021-08-01 01:34:29.144,0.055,-0.13
2021-08-01 01:34:29.148,0.055,-0.115
2021-08-01 01:34:29.152,0.065,-0.095
2021-08-01 01:34:29.156,0.07,-0.08
2021-08-01 01:34:29.160,0.06,-0.07
2021-08-01 01:34:29.164,0.08,-0.08
2021-08-01 01:34:29.168,0.07,-0.08
2021-08-01 01:34:29.172,0.06,-0.065
2021-08-01 01:34:29.176,0.075,-0.055
2021-08-01 01:34:29.180,0.075,-0.065
2021-08-01 01:34:29.184,0.075,-0.06
2021-08-01 01:34:29.188,0.095,-0.04
2021-08-01 01:34:29.192,0.09,-0.02
2021-08-01 01:34:29.196,0.075,-0.01
2021-08-01 01:34:29.200,0.075,0.0
2021-08-01 01:34:29.204,0.075,0.0
2021-08-01 01:34:29.208,0.085,0.0
2021-08-01 01:34:29.212,0.095,0.01
2021-08-01 01:34:29.216,0.08,0.01
2021-08-01 01:34:29.220,0.075,0.01
2021-08-01 01:34:29.224,0.095,-0.015
2021-08-01 01:34:29.228,0.095,-0.035
2021-08-01 01:34:29.232,0.1,-0.045
2021-08-01 01:34:29.236,0.1,-0.05
2021-08-01 01:34:29.240,0.095,-0.06
2021-08-01 01:34:29.244,0.12,-0.065
2021-08-01 01:34:29.248,0.1,-0.075
2021-08-01 01:34:29.252,0.12,-0.085
2021-08-01 01:34:29.256,0.105,-0.09
2021-08-01 01:34:29.260,0.11,-0.1
2021-08-01 01:34:29.264,0.115,-0.105
2021-08-01 01:34:29.268,0.11,-0.105
2021-08-01 01:34:29.272,0.105,-0.105
2021-08-01 01:34:29.276,0.11,-0.09
2021-08-01 01:34:29.280,0.1,-0.105
2021-08-01 01:34:29.284,0.105,-0.115
2021-08-01 01:34:29.288,0.11,-0.095
2021-08-01 01:34:29.292,0.085,-0.1
2021-08-01 01:34:29.296,0.095,-0.09
2021-08-01 01:34:29.300,0.105,-0.09
2021-08-01 01:34:29.304,0.105,-0.105
2021-08-01 01:34:29.308,0.12,-0.09
2021-08-01 01:34:29.312,0.09,-0.08
2021-08-01 01:34:29.316,0.095,-0.07
2021-08-01 01:34:29.320,0.105,-0.1
2021-08-01 01:34:29.324,0.11,-0.075
2021-08-01 01:34:29.328,0.115,-0.07
2021-08-01 01:34:29.332,0.11,-0.085
2021-08-01 01:34:29.336,0.1,-0.08
2021-08-01 01:34:29.340,0.08,-0.08
2021-08-01 01:34:29.344,0.095,-0.08
2021-08-01 01:34:29.348,0.11,-0.09
2021-08-01 01:34:29.352,0.11,-0.07
2021-08-01 01:34:29.356,0.105,-0.08
2021-08-01 01:34:29.360,0.085,-0.08
2021-08-01 01:34:29.364,0.1,-0.085
2021-08-01 01:34:29.368,0.085,-0.075
2021-08-01 01:34:29.372,0.11,-0.09
2021-08-01 01:34:29.376,0.075,-0.085
2021-08-01 01:34:29.380,0.085,-0.1
2021-08-01 01:34:29.384,0.1,-0.105
2021-08-01 01:34:29.388,0.105,-0.105
2021-08-01 01:34:29.392,0.095,-0.095
2021-08-01 01:34:29.396,0.075,-0.09
2021-08-01 01:34:29.400,0.07,-0.1
2021-08-01 01:34:29.404,0.1,-0.125
2021-08-01 01:34:29.408,0.095,-0.105
2021-08-01 01:34:29.412,0.075,-0.1
2021-08-01 01:34:29.416,0.1,-0.09
2021-08-01 01:34:29.420,0.1,-0.09
2021-08-01 01:34:29.424,0.09,-0.07
2021-08-01 01:34:29.428,0.095,-0.055
2021-08-01 01:34:29.432,0.11,-0.02
2021-08-01 01:34:29.436,0.12,0.0
2021-08-01 01:34:29.440,0.125,0.015
2021-08-01 01:34:29.444,0.155,0.015
2021-08-01 01:34:29.448,0.155,0.04
2021-08-01 01:34:29.452,0.16,0.04
2021-08-01 01:34:29.456,0.185,0.07
2021-08-01 01:34:29.460,0.165,0.06
2021-08-01 01:34:29.464,0.16,0.07
2021-08-01 01:34:29.468,0.125,0.035
2021-08-01 01:34:29.472,0.105,-0.005
2021-08-01 01:34:29.476,0.065,-0.045
2021-08-01 01:34:29.480,0.045,-0.105
2021-08-01 01:34:29.484,0.025,-0.12
2021-08-01 01:34:29.488,0.005,-0.12
2021-08-01 01:34:29.492,0.005,-0.105
2021-08-01 01:34:29.496,0.01,-0.1
2021-08-01 01:34:29.500,0.005,-0.105
2021-08-01 01:34:29.504,0.02,-0.1
2021-08-01 01:34:29.508,0.035,-0.12
2021-08-01 01:34:29.512,0.06,-0.145
2021-08-01 01:34:29.516,0.06,-0.14
2021-08-01 01:34:29.520,0.055,-0.18
2021-08-01 01:34:29.524,0.08,-0.19
2021-08-01 01:34:29.528,0.08,-0.205
2021-08-01 01:34:29.532,0.07,-0.225
2021-08-01 01:34:29.536,0.065,-0.22
2021-08-01 01:34:29.540,0.065,-0.23
2021-08-01 01:34:29.544,0.04,-0.225
2021-08-01 01:34:29.548,0.055,-0.22
2021-08-01 01:34:29.552,0.05,-0.22
2021-08-01 01:34:29.556,0.045,-0.21
2021-08-01 01:34:29.560,0.065,-0.225
2021-08-01 01:34:29.564,0.07,-0.225
2021-08-01 01:34:29.568,0.065,-0.2
2021-08-01 01:34:29.572,0.065,-0.215
2021-08-01 01:34:29.576,0.07,-0.22
2021-08-01 01:34:29.580,0.05,-0.21
2021-08-01 01:34:29.584,0.06,-0.23
2021-08-01 01:34:29.588,0.075,-0.25
2021-08-01 01:34:29.592,0.085,-0.25
2021-08-01 01:34:29.596,0.075,-0.165
2021-08-01 01:34:29.600,0.095,0.0
2021-08-01 01:34:29.604,0.125,0.25
2021-08-01 01:34:29.608,0.145,0.495
2021-08-01 01:34:29.612,0.21,0.67
2021-08-01 01:34:29.616,0.285,0.725
2021-08-01 01:34:29.620,0.345,0.685
2021-08-01 01:34:29.624,0.35,0.48
2021-08-01 01:34:29.628,0.295,-0.04
2021-08-01 01:34:29.632,0.21,-0.52
2021-08-01 01:34:29.636,0.06,-0.77
2021-08-01 01:34:29.640,-0.145,-0.82
2021-08-01 01:34:29.644,-0.275,-0.74
2021-08-01 01:34:29.648,-0.32,-0.61
2021-08-01 01:34:29.652,-0.3,-0.48
2021-08-01 01:34:29.656,-0.25,-0.375
2021-08-01 01:34:29.660,-0.165,-0.29
2021-08-01 01:34:29.664,-0.105,-0.245
2021-08-01 01:34:29.668,-0.005,-0.27
2021-08-01 01:34:29.672,0.03,-0.25
2021-08-01 01:34:29.676,0.055,-0.25
2021-08-01 01:34:29.680,0.055,-0.27
2021-08-01 01:34:29.684,0.045,-0.27
2021-08-01 01:34:29.688,0.055,-0.24
2021-08-01 01:34:29.692,0.05,-0.245
2021-08-01 01:34:29.696,0.06,-0.255
2021-08-01 01:34:29.700,0.04,-0.25
2021-08-01 01:34:29.704,0.025,-0.25
2021-08-01 01:34:29.708,0.045,-0.255
2021-08-01 01:34:29.712,0.05,-0.24
2021-08-01 01:34:29.716,0.045,-0.22
2021-08-01 01:34:29.720,0.06,-0.24
2021-08-01 01:34:29.724,0.05,-0.25
2021-08-01 01:34:29.728,0.035,-0.24
2021-08-01 01:34:29.732,0.045,-0.22
2021-08-01 01:34:29.736,0.045,-0.225
2021-08-01 01:34:29.740,0.05,-0.235
2021-08-01 01:34:29.744,0.055,-0.235
2021-08-01 01:34:29.748,0.05,-0.225
2021-08-01 01:34:29.752,0.05,-0.23
2021-08-01 01:34:29.756,0.06,-0.225
2021-08-01 01:34:29.760,0.05,-0.21
2021-08-01 01:34:29.764,0.055,-0.21
2021-08-01 01:34:29.768,0.05,-0.195
2021-08-01 01:34:29.772,0.06,-0.195
2021-08-01 01:34:29.776,0.055,-0.18
2021-08-01 01:34:29.780,0.05,-0.19
2021-08-01 01:34:29.784,0.055,-0.175
2021-08-01 01:34:29.788,0.045,-0.16
2021-08-01 01:34:29.792,0.055,-0.155
2021-08-01 01:34:29.796,0.075,-0.145
2021-08-01 01:34:29.800,0.06,-0.13
2021-08-01 01:34:29.804,0.055,-0.14
2021-08-01 01:34:29.808,0.055,-0.115
2021-08-01 01:34:29.812,0.08,-0.1
2021-08-01 01:34:29.816,0.075,-0.085
2021-08-01 01:34:29.820,0.075,-0.1
2021-08-01 01:34:29.824,0.095,-0.05
2021-08-01 01:34:29.828,0.09,-0.055
2021-08-01 01:34:29.832,0.08,-0.06
2021-08-01 01:34:29.836,0.12,-0.08
2021-08-01 01:34:29.840,0.105,-0.085
2021-08-01 01:34:29.844,0.08,-0.08
2021-08-01 01:34:29.848,0.085,-0.05
2021-08-01 01:34:29.852,0.105,-0.015
2021-08-01 01:34:29.856,0.1,-0.01
2021-08-01 01:34:29.860,0.13,-0.015
2021-08-01 01:34:29.864,0.14,-0.01
2021-08-01 01:34:29.868,0.15,-0.005
2021-08-01 01:34:29.872,0.16,-0.005
2021-08-01 01:34:29.876,0.16,-0.02
2021-08-01 01:34:29.880,0.2,-0.035
2021-08-01 01:34:29.884,0.195,-0.005
2021-08-01 01:34:29.888,0.19,0.02
2021-08-01 01:34:29.892,0.21,0.005
2021-08-01 01:34:29.896,0.185,0.015
2021-08-01 01:34:29.900,0.16,-0.02
2021-08-01 01:34:29.904,0.115,-0.055
2021-08-01 01:34:29.908,0.09,-0.04
2021-08-01 01:34:29.912,0.08,-0.075
2021-08-01 01:34:29.916,0.075,-0.095
2021-08-01 01:34:29.920,0.07,-0.095
2021-08-01 01:34:29.924,0.08,-0.095
2021-08-01 01:34:29.928,0.07,-0.115
2021-08-01 01:34:29.932,0.08,-0.12
2021-08-01 01:34:29.936,0.07,-0.12
2021-08-01 01:34:29.940,0.07,-0.12
2021-08-01 01:34:29.944,0.05,-0.135
2021-08-01 01:34:29.948,0.075,-0.14
2021-08-01 01:34:29.952,0.065,-0.12
2021-08-01 01:34:29.956,0.05,-0.115
2021-08-01 01:34:29.960,0.06,-0.135
2021-08-01 01:34:29.964,0.045,-0.13
2021-08-01 01:34:29.968,0.06,-0.125
2021-08-01 01:34:29.972,0.065,-0.115
2021-08-01 01:34:29.976,0.07,-0.105
2021-08-01 01:34:29.980,0.045,-0.115
2021-08-01 01:34:29.984,0.065,-0.12
2021-08-01 01:34:29.988,0.055,-0.145
2021-08-01 01:34:29.992,0.065,-0.16
2021-08-01 01:34:29.996,0.075,-0.13
2021-08-01 01:34:30.000,0.065,0.03
2021-08-01 01:34:30.004,0.08,0.3
2021-08-01 01:34:30.008,0.09,0.63
2021-08-01 01:34:30.012,0.13,0.875
2021-08-01 01:34:30.016,0.205,0.91
2021-08-01 01:34:30.020,0.31,0.73
2021-08-01 01:34:30.024,0.345,0.255
2021-08-01 01:34:30.028,0.28,-0.37
2021-08-01 01:34:30.032,0.125,-0.735
2021-08-01 01:34:30.036,-0.095,-0.815
2021-08-01 01:34:30.040,-0.245,-0.675
2021-08-01 01:34:30.044,-0.32,-0.55
2021-08-01 01:34:30.048,-0.305,-0.435
2021-08-01 01:34:30.052,-0.26,-0.32
2021-08-01 01:34:30.056,-0.175,-0.23
2021-08-01 01:34:30.060,-0.09,-0.15
2021-08-01 01:34:30.064,-0.02,-0.145
2021-08-01 01:34:30.068,0.025,-0.16
2021-08-01 01:34:30.072,0.025,-0.15
2021-08-01 01:34:30.076,0.06,-0.18
2021-08-01 01:34:30.080,0.055,-0.18
2021-08-01 01:34:30.084,0.035,-0.18
2021-08-01 01:34:30.088,0.01,-0.17
2021-08-01 01:34:30.092,0.045,-0.165
2021-08-01 01:34:30.096,0.055,-0.19
2021-08-01 01:34:30.100,0.04,-0.19
2021-08-01 01:34:30.104,0.045,-0.18
2021-08-01 01:34:30.108,0.04,-0.185
2021-08-01 01:34:30.112,0.055,-0.175
2021-08-01 01:34:30.116,0.065,-0.2
2021-08-01 01:34:30.120,0.05,-0.2
2021-08-01 01:34:30.124,0.045,-0.2
2021-08-01 01:34:30.128,0.04,-0.21
2021-08-01 01:34:30.132,0.05,-0.2
2021-08-01 01:34:30.136,0.05,-0.205
2021-08-01 01:34:30.140,0.045,-0.195
2021-08-01 01:34:30.144,0.035,-0.175
2021-08-01 01:34:30.148,0.045,-0.18
2021-08-01 01:34:30.152,0.05,-0.165
2021-08-01 01:34:30.156,0.06,-0.19
2021-08-01 01:34:30.160,0.06,-0.175
2021-08-01 01:34:30.164,0.055,-0.17
2021-08-01 01:34:30.168,0.055,-0.16
2021-08-01 01:34:30.172,0.045,-0.175
2021-08-01 01:34:30.176,0.075,-0.175
2021-08-01 01:34:30.180,0.05,-0.155
2021-08-01 01:34:30.184,0.075,-0.13
2021-08-01 01:34:30.188,0.08,-0.125
2021-08-01 01:34:30.192,0.055,-0.105
2021-08-01 01:34:30.196,0.065,-0.1
2021-08-01 01:34:30.200,0.065,-0.08
2021-08-01 01:34:30.204,0.075,-0.07
2021-08-01 01:34:30.208,0.075,-0.07
2021-08-01 01:34:30.212,0.085,-0.07
2021-08-01 01:34:30.216,0.075,-0.055
2021-08-01 01:34:30.220,0.085,-0.035
2021-08-01 01:34:30.224,0.085,-0.03
2021-08-01 01:34:30.228,0.09,-0.02
2021-08-01 01:34:30.232,0.11,0.0
2021-08-01 01:34:30.236,0.09,0.035
2021-08-01 01:34:30.240,0.1,0.04
2021-08-01 01:34:30.244,0.115,0.055
2021-08-01 01:34:30.248,0.1,0.06
2021-08-01 01:34:30.252,0.1,0.055
2021-08-01 01:34:30.256,0.11,0.065
2021-08-01 01:34:30.260,0.11,0.075
2021-08-01 01:34:30.264,0.115,0.1
2021-08-01 01:34:30.268,0.125,0.1
2021-08-01 01:34:30.272,0.125,0.08
2021-08-01 01:34:30.276,0.115,0.06
2021-08-01 01:34:30.280,0.125,0.06
2021-08-01 01:34:30.284,0.135,0.04
2021-08-01 01:34:30.288,0.12,0.05
2021-08-01 01:34:30.292,0.12,0.025
2021-08-01 01:34:30.296,0.125,-0.005
2021-08-01 01:34:30.300,0.11,-0.02
2021-08-01 01:34:30.304,0.125,-0.035
2021-08-01 01:34:30.308,0.12,-0.025
2021-08-01 01:34:30.312,0.11,-0.045
2021-08-01 01:34:30.316,0.12,-0.04
2021-08-01 01:34:30.320,0.115,-0.05
2021-08-01 01:34:30.324,0.105,-0.045
2021-08-01 01:34:30.328,0.105,-0.065
2021-08-01 01:34:30.332,0.105,-0.06
2021-08-01 01:34:30.336,0.11,-0.075
2021-08-01 01:34:30.340,0.115,-0.055
2021-08-01 01:34:30.344,0.105,-0.035
2021-08-01 01:34:30.348,0.08,-0.045
2021-08-01 01:34:30.352,0.085,-0.06
2021-08-01 01:34:30.356,0.11,-0.06
2021-08-01 01:34:30.360,0.1,-0.06
2021-08-01 01:34:30.364,0.11,-0.065
2021-08-01 01:34:30.368,0.115,-0.08
2021-08-01 01:34:30.372,0.105,-0.08
2021-08-01 01:34:30.376,0.09,-0.065
2021-08-01 01:34:30.380,0.085,-0.05
2021-08-01 01:34:30.384,0.1,-0.045
2021-08-01 01:34:30.388,0.09,-0.04
2021-08-01 01:34:30.392,0.09,-0.05
2021-08-01 01:34:30.396,0.095,-0.095
2021-08-01 01:34:30.400,0.08,-0.075
2021-08-01 01:34:30.404,0.085,-0.065
2021-08-01 01:34:30.408,0.095,-0.085
2021-08-01 01:34:30.412,0.115,-0.1
2021-08-01 01:34:30.416,0.09,-0.075
2021-08-01 01:34:30.420,0.09,-0.08
2021-08-01 01:34:30.424,0.095,-0.07
2021-08-01 01:34:30.428,0.1,-0.065
2021-08-01 01:34:30.432,0.08,-0.07
2021-08-01 01:34:30.436,0.09,-0.085
2021-08-01 01:34:30.440,0.085,-0.085
2021-08-01 01:34:30.444,0.07,-0.075
2021-08-01 01:34:30.448,0.085,-0.08
2021-08-01 01:34:30.452,0.08,-0.095
2021-08-01 01:34:30.456,0.08,-0.1
2021-08-01 01:34:30.460,0.075,-0.1
2021-08-01 01:34:30.464,0.085,-0.09
2021-08-01 01:34:30.468,0.075,-0.09
2021-08-01 01:34:30.472,0.075,-0.07
2021-08-01 01:34:30.476,0.075,-0.095
2021-08-01 01:34:30.480,0.075,-0.095
2021-08-01 01:34:30.484,0.075,-0.08
2021-08-01 01:34:30.488,0.09,-0.085
2021-08-01 01:34:30.492,0.085,-0.1
2021-08-01 01:34:30.496,0.075,-0.1
2021-08-01 01:34:30.500,0.08,-0.115
2021-08-01 01:34:30.504,0.085,-0.13
2021-08-01 01:34:30.508,0.07,-0.105
2021-08-01 01:34:30.512,0.065,-0.11
2021-08-01 01:34:30.516,0.09,-0.115
2021-08-01 01:34:30.520,0.075,-0.095
2021-08-01 01:34:30.524,0.065,-0.08
2021-08-01 01:34:30.528,0.075,-0.1
2021-08-01 01:34:30.532,0.08,-0.095
2021-08-01 01:34:30.536,0.07,-0.115
2021-08-01 01:34:30.540,0.08,-0.13
2021-08-01 01:34:30.544,0.08,-0.115
2021-08-01 01:34:30.548,0.085,-0.105
2021-08-01 01:34:30.552,0.08,-0.08
2021-08-01 01:34:30.556,0.075,-0.09
2021-08-01 01:34:30.560,0.07,-0.11
2021-08-01 01:34:30.564,0.08,-0.105
2021-08-01 01:34:30.568,0.08,-0.095
2021-08-01 01:34:30.572,0.06,-0.1
2021-08-01 01:34:30.576,0.075,-0.115
2021-08-01 01:34:30.580,0.075,-0.115
2021-08-01 01:34:30.584,0.075,-0.1
2021-08-01 01:34:30.588,0.09,-0.09
2021-08-01 01:34:30.592,0.055,-0.1
2021-08-01 01:34:30.596,0.07,-0.115
2021-08-01 01:34:30.600,0.07,-0.11
2021-08-01 01:34:30.604,0.07,-0.11
2021-08-01 01:34:30.608,0.08,-0.095
2021-08-01 01:34:30.612,0.08,-0.12
2021-08-01 01:34:30.616,0.075,-0.1
2021-08-01 01:34:30.620,0.065,-0.1
2021-08-01 01:34:30.624,0.07,-0.095
2021-08-01 01:34:30.628,0.075,-0.095
2021-08-01 01:34:30.632,0.07,-0.095
2021-08-01 01:34:30.636,0.065,-0.105
2021-08-01 01:34:30.640,0.07,-0.1
2021-08-01 01:34:30.644,0.065,-0.09
2021-08-01 01:34:30.648,0.075,-0.09
2021-08-01 01:34:30.652,0.065,-0.1
2021-08-01 01:34:30.656,0.06,-0.095
2021-08-01 01:34:30.660,0.06,-0.095
2021-08-01 01:34:30.664,0.08,-0.105
2021-08-01 01:34:30.668,0.05,-0.105
2021-08-01 01:34:30.672,0.06,-0.085
2021-08-01 01:34:30.676,0.05,-0.1
2021-08-01 01:34:30.680,0.075,-0.04
2021-08-01 01:34:30.684,0.07,-0.01
2021-08-01 01:34:30.688,0.085,0.005
2021-08-01 01:34:30.692,0.095,0.02
2021-08-01 01:34:30.696,0.115,0.02
2021-08-01 01:34:30.700,0.13,0.035
2021-08-01 01:34:30.704,0.15,0.06
2021-08-01 01:34:30.708,0.15,0.06
2021-08-01 01:34:30.712,0.155,0.07
2021-08-01 01:34:30.716,0.14,0.035
2021-08-01 01:34:30.720,0.115,0.01
2021-08-01 01:34:30.724,0.065,-0.01
2021-08-01 01:34:30.728,0.06,-0.085
2021-08-01 01:34:30.732,0.04,-0.13
2021-08-01 01:34:30.736,0.015,-0.125
2021-08-01 01:34:30.740,0.015,-0.09
2021-08-01 01:34:30.744,0.015,-0.08
2021-08-01 01:34:30.748,0.015,-0.08
2021-08-01 01:34:30.752,0.035,-0.09
2021-08-01 01:34:30.756,0.035,-0.12
2021-08-01 01:34:30.760,0.065,-0.15
2021-08-01 01:34:30.764,0.07,-0.155
2021-08-01 01:34:30.768,0.055,-0.155
2021-08-01 01:34:30.772,0.04,-0.195
2021-08-01 01:34:30.776,0.065,-0.215
2021-08-01 01:34:30.780,0.055,-0.22
2021-08-01 01:34:30.784,0.055,-0.22
2021-08-01 01:34:30.788,0.04,-0.23
2021-08-01 01:34:30.792,0.035,-0.23
2021-08-01 01:34:30.796,0.025,-0.24
2021-08-01 01:34:30.800,0.03,-0.225
2021-08-01 01:34:30.804,0.015,-0.225
2021-08-01 01:34:30.808,0.035,-0.225
2021-08-01 01:34:30.812,0.045,-0.235
2021-08-01 01:34:30.816,0.05,-0.245
2021-08-01 01:34:30.820,0.03,-0.225
2021-08-01 01:34:30.824,0.045,-0.22
2021-08-01 01:34:30.828,0.04,-0.23
2021-08-01 01:34:30.832,0.05,-0.265
2021-08-01 01:34:30.836,0.045,-0.24
2021-08-01 01:34:30.840,0.045,-0.18
2021-08-01 01:34:30.844,0.075,-0.02
2021-08-01 01:34:30.848,0.095,0.215
2021-08-01 01:34:30.852,0.11,0.465
2021-08-01 01:34:30.856,0.165,0.67
2021-08-01 01:34:30.860,0.26,0.75
2021-08-01 01:34:30.864,0.35,0.755
2021-08-01 01:34:30.868,0.385,0.67
2021-08-01 01:34:30.872,0.37,0.37
2021-08-01 01:34:30.876,0.33,-0.185
2021-08-01 01:34:30.880,0.275,-0.605
2021-08-01 01:34:30.884,0.07,-0.79
2021-08-01 01:34:30.888,-0.12,-0.815
2021-08-01 01:34:30.892,-0.26,-0.75
2021-08-01 01:34:30.896,-0.29,-0.67
2021-08-01 01:34:30.900,-0.265,-0.525
2021-08-01 01:34:30.904,-0.255,-0.435
2021-08-01 01:34:30.908,-0.17,-0.36
2021-08-01 01:34:30.912,-0.095,-0.29
2021-08-01 01:34:30.916,-0.04,-0.255
2021-08-01 01:34:30.920,0.025,-0.26
2021-08-01 01:34:30.924,0.055,-0.265
2021-08-01 01:34:30.928,0.075,-0.27
2021-08-01 01:34:30.932,0.05,-0.255
2021-08-01 01:34:30.936,0.05,-0.265
2021-08-01 01:34:30.940,0.075,-0.26
2021-08-01 01:34:30.944,0.055,-0.235
2021-08-01 01:34:30.948,0.045,-0.25
2021-08-01 01:34:30.952,0.07,-0.255
2021-08-01 01:34:30.956,0.06,-0.255
2021-08-01 01:34:30.960,0.06,-0.24
2021-08-01 01:34:30.964,0.06,-0.26
2021-08-01 01:34:30.968,0.065,-0.25
2021-08-01 01:34:30.972,0.06,-0.255
2021-08-01 01:34:30.976,0.065,-0.255
2021-08-01 01:34:30.980,0.075,-0.25
2021-08-01 01:34:30.984,0.055,-0.24
2021-08-01 01:34:30.988,0.07,-0.235
2021-08-01 01:34:30.992,0.065,-0.25
2021-08-01 01:34:30.996,0.08,-0.265
2021-08-01 01:34:31.000,0.065,-0.24
2021-08-01 01:34:31.004,0.045,-0.225
2021-08-01 01:34:31.008,0.06,-0.225
2021-08-01 01:34:31.012,0.05,-0.235
2021-08-01 01:34:31.016,0.07,-0.23
2021-08-01 01:34:31.020,0.07,-0.205
2021-08-01 01:34:31.024,0.065,-0.185
2021-08-01 01:34:31.028,0.055,-0.195
2021-08-01 01:34:31.032,0.065,-0.195
2021-08-01 01:34:31.036,0.07,-0.195
2021-08-01 01:34:31.040,0.075,-0.175
2021-08-01 01:34:31.044,0.07,-0.16
2021-08-01 01:34:31.048,0.09,-0.16
2021-08-01 01:34:31.052,0.085,-0.17
2021-08-01 01:34:31.056,0.07,-0.16
2021-08-01 01:34:31.060,0.075,-0.17
2021-08-01 01:34:31.064,0.1,-0.165
2021-08-01 01:34:31.068,0.08,-0.15
2021-08-01 01:34:31.072,0.09,-0.15
2021-08-01 01:34:31.076,0.095,-0.14
2021-08-01 01:34:31.080,0.11,-0.12
2021-08-01 01:34:31.084,0.105,-0.125
2021-08-01 01:34:31.088,0.115,-0.115
2021-08-01 01:34:31.092,0.095,-0.12
2021-08-01 01:34:31.096,0.105,-0.135
2021-08-01 01:34:31.100,0.105,-0.125
2021-08-01 01:34:31.104,0.12,-0.115
2021-08-01 01:34:31.108,0.1,-0.08
2021-08-01 01:34:31.112,0.12,-0.1
2021-08-01 01:34:31.116,0.11,-0.105
2021-08-01 01:34:31.120,0.095,-0.08
2021-08-01 01:34:31.124,0.105,-0.08
2021-08-01 01:34:31.128,0.115,-0.065
2021-08-01 01:34:31.132,0.1,-0.065
2021-08-01 01:34:31.136,0.12,-0.055
2021-08-01 01:34:31.140,0.105,-0.05
2021-08-01 01:34:31.144,0.125,-0.035
2021-08-01 01:34:31.148,0.105,-0.025
2021-08-01 01:34:31.152,0.105,-0.02
2021-08-01 01:34:31.156,0.13,-0.03
2021-08-01 01:34:31.160,0.13,-0.015
2021-08-01 01:34:31.164,0.13,0.0
2021-08-01 01:34:31.168,0.135,-0.005
2021-08-01 01:34:31.172,0.14,-0.025
2021-08-01 01:34:31.176,0.155,-0.015
2021-08-01 01:34:31.180,0.155,-0.025
2021-08-01 01:34:31.184,0.145,-0.05
2021-08-01 01:34:31.188,0.15,-0.04
2021-08-01 01:34:31.192,0.145,-0.055
2021-08-01 01:34:31.196,0.135,-0.065
2021-08-01 01:34:31.200,0.135,-0.07
2021-08-01 01:34:31.204,0.15,-0.08
2021-08-01 01:34:31.208,0.14,-0.075
2021-08-01 01:34:31.212,0.14,-0.085
2021-08-01 01:34:31.216,0.13,-0.07
2021-08-01 01:34:31.220,0.13,-0.07
2021-08-01 01:34:31.224,0.15,-0.08
2021-08-01 01:34:31.228,0.16,-0.065
2021-08-01 01:34:31.232,0.15,-0.075
2021-08-01 01:34:31.236,0.145,-0.08
2021-08-01 01:34:31.240,0.135,-0.065
2021-08-01 01:34:31.244,0.13,-0.05
2021-08-01 01:34:31.248,0.135,-0.05
2021-08-01 01:34:31.252,0.14,-0.07
2021-08-01 01:34:31.256,0.145,-0.05
2021-08-01 01:34:31.260,0.15,-0.06
2021-08-01 01:34:31.264,0.13,-0.04
2021-08-01 01:34:31.268,0.135,-0.05
2021-08-01 01:34:31.272,0.14,-0.055
2021-08-01 01:34:31.276,0.14,-0.055
2021-08-01 01:34:31.280,0.145,-0.06
2021-08-01 01:34:31.284,0.15,-0.05
2021-08-01 01:34:31.288,0.16,-0.05
2021-08-01 01:34:31.292,0.155,-0.075
2021-08-01 01:34:31.296,0.16,-0.065
2021-08-01 01:34:31.300,0.13,-0.06
2021-08-01 01:34:31.304,0.13,-0.065
2021-08-01 01:34:31.308,0.145,-0.07
2021-08-01 01:34:31.312,0.135,-0.08
2021-08-01 01:34:31.316,0.135,-0.095
2021-08-01 01:34:31.320,0.135,-0.08
2021-08-01 01:34:31.324,0.13,-0.075
2021-08-01 01:34:31.328,0.13,-0.065
2021-08-01 01:34:31.332,0.13,-0.09
2021-08-01 01:34:31.336,0.135,-0.085
2021-08-01 01:34:31.340,0.125,-0.085
2021-08-01 01:34:31.344,0.13,-0.1
2021-08-01 01:34:31.348,0.135,-0.11
2021-08-01 01:34:31.352,0.105,-0.1
2021-08-01 01:34:31.356,0.105,-0.095
2021-08-01 01:34:31.360,0.135,-0.09
2021-08-01 01:34:31.364,0.115,-0.07
2021-08-01 01:34:31.368,0.13,-0.055
2021-08-01 01:34:31.372,0.135,-0.03
2021-08-01 01:34:31.376,0.15,-0.005
2021-08-01 01:34:31.380,0.16,0.015
2021-08-01 01:34:31.384,0.17,0.03
2021-08-01 01:34:31.388,0.175,0.03
2021-08-01 01:34:31.392,0.2,0.04
2021-08-01 01:34:31.396,0.22,0.055
2021-08-01 01:34:31.400,0.215,0.08
2021-08-01 01:34:31.404,0.19,0.095
2021-08-01 01:34:31.408,0.185,0.065
2021-08-01 01:34:31.412,0.155,0.035
2021-08-01 01:34:31.416,0.155,-0.01
2021-08-01 01:34:31.420,0.125,-0.06
2021-08-01 01:34:31.424,0.09,-0.105
2021-08-01 01:34:31.428,0.07,-0.125
2021-08-01 01:34:31.432,0.07,-0.115
2021-08-01 01:34:31.436,0.06,-0.095
2021-08-01 01:34:31.440,0.045,-0.09
2021-08-01 01:34:31.444,0.075,-0.095
2021-08-01 01:34:31.448,0.07,-0.11
2021-08-01 01:34:31.452,0.08,-0.135
2021-08-01 01:34:31.456,0.1,-0.165
2021-08-01 01:34:31.460,0.095,-0.16
2021-08-01 01:34:31.464,0.115,-0.175
2021-08-01 01:34:31.468,0.115,-0.2
2021-08-01 01:34:31.472,0.145,-0.205
2021-08-01 01:34:31.476,0.11,-0.205
2021-08-01 01:34:31.480,0.105,-0.215
2021-08-01 01:34:31.484,0.115,-0.22
2021-08-01 01:34:31.488,0.1,-0.215
2021-08-01 01:34:31.492,0.1,-0.225
2021-08-01 01:34:31.496,0.095,-0.22
2021-08-01 01:34:31.500,0.095,-0.215
2021-08-01 01:34:31.504,0.08,-0.205
2021-08-01 01:34:31.508,0.1,-0.225
2021-08-01 01:34:31.512,0.105,-0.225
2021-08-01 01:34:31.516,0.1,-0.225
2021-08-01 01:34:31.520,0.095,-0.22
2021-08-01 01:34:31.524,0.105,-0.215
2021-08-01 01:34:31.528,0.1,-0.25
2021-08-01 01:34:31.532,0.095,-0.255
2021-08-01 01:34:31.536,0.115,-0.235
2021-08-01 01:34:31.540,0.125,-0.11
2021-08-01 01:34:31.544,0.13,0.075
2021-08-01 01:34:31.548,0.17,0.33
2021-08-01 01:34:31.552,0.19,0.57
2021-08-01 01:34:31.556,0.275,0.7
2021-08-01 01:34:31.560,0.37,0.725
2021-08-01 01:34:31.564,0.4,0.64
2021-08-01 01:34:31.568,0.37,0.335
2021-08-01 01:34:31.572,0.31,-0.215
2021-08-01 01:34:31.576,0.245,-0.625
2021-08-01 01:34:31.580,0.035,-0.795
2021-08-01 01:34:31.584,-0.16,-0.785
2021-08-01 01:34:31.588,-0.245,-0.715
2021-08-01 01:34:31.592,-0.27,-0.595
2021-08-01 01:34:31.596,-0.25,-0.46
2021-08-01 01:34:31.600,-0.17,-0.335
2021-08-01 01:34:31.604,-0.08,-0.27
2021-08-01 01:34:31.608,0.0,-0.26
2021-08-01 01:34:31.612,0.06,-0.245
2021-08-01 01:34:31.616,0.07,-0.27
2021-08-01 01:34:31.620,0.09,-0.245
2021-08-01 01:34:31.624,0.075,-0.235
2021-08-01 01:34:31.628,0.095,-0.24
2021-08-01 01:34:31.632,0.115,-0.24
2021-08-01 01:34:31.636,0.08,-0.235
2021-08-01 01:34:31.640,0.095,-0.23
2021-08-01 01:34:31.644,0.095,-0.235
2021-08-01 01:34:31.648,0.08,-0.255
2021-08-01 01:34:31.652,0.09,-0.245
2021-08-01 01:34:31.656,0.095,-0.235
2021-08-01 01:34:31.660,0.09,-0.235
2021-08-01 01:34:31.664,0.085,-0.24
2021-08-01 01:34:31.668,0.085,-0.245
2021-08-01 01:34:31.672,0.075,-0.255
2021-08-01 01:34:31.676,0.06,-0.235
2021-08-01 01:34:31.680,0.09,-0.24
2021-08-01 01:34:31.684,0.07,-0.235
2021-08-01 01:34:31.688,0.075,-0.23
2021-08-01 01:34:31.692,0.065,-0.225
2021-08-01 01:34:31.696,0.075,-0.23
2021-08-01 01:34:31.700,0.075,-0.205
2021-08-01 01:34:31.704,0.09,-0.19
2021-08-01 01:34:31.708,0.07,-0.205
2021-08-01 01:34:31.712,0.1,-0.22
2021-08-01 01:34:31.716,0.075,-0.205
2021-08-01 01:34:31.720,0.08,-0.195
2021-08-01 01:34:31.724,0.07,-0.195
2021-08-01 01:34:31.728,0.085,-0.205
2021-08-01 01:34:31.732,0.065,-0.185
2021-08-01 01:34:31.736,0.09,-0.185
2021-08-01 01:34:31.740,0.095,-0.165
2021-08-01 01:34:31.744,0.095,-0.16
2021-08-01 01:34:31.748,0.055,-0.16
2021-08-01 01:34:31.752,0.08,-0.16
2021-08-01 01:34:31.756,0.085,-0.15
2021-08-01 01:34:31.760,0.07,-0.135
2021-08-01 01:34:31.764,0.085,-0.13
2021-08-01 01:34:31.768,0.085,-0.115
2021-08-01 01:34:31.772,0.085,-0.13
2021-08-01 01:34:31.776,0.065,-0.115
2021-08-01 01:34:31.780,0.1,-0.115
2021-08-01 01:34:31.784,0.095,-0.125
2021-08-01 01:34:31.788,0.08,-0.1
2021-08-01 01:34:31.792,0.09,-0.09
2021-08-01 01:34:31.796,0.09,-0.095
2021-08-01 01:34:31.800,0.095,-0.08
2021-08-01 01:34:31.804,0.09,-0.085
2021-08-01 01:34:31.808,0.085,-0.085
2021-08-01 01:34:31.812,0.1,-0.07
2021-08-01 01:34:31.816,0.09,-0.06
2021-08-01 01:34:31.820,0.09,-0.025
2021-08-01 01:34:31.824,0.13,-0.03
2021-08-01 01:34:31.828,0.095,-0.03
2021-08-01 01:34:31.832,0.1,-0.03
2021-08-01 01:34:31.836,0.115,-0.02
2021-08-01 01:34:31.840,0.115,-0.035
2021-08-01 01:34:31.844,0.13,-0.03
2021-08-01 01:34:31.848,0.125,-0.04
2021-08-01 01:34:31.852,0.12,-0.045
2021-08-01 01:34:31.856,0.125,-0.035
2021-08-01 01:34:31.860,0.12,-0.06
2021-08-01 01:34:31.864,0.12,-0.065
2021-08-01 01:34:31.868,0.125,-0.09
2021-08-01 01:34:31.872,0.105,-0.1
2021-08-01 01:34:31.876,0.11,-0.105
2021-08-01 01:34:31.880,0.115,-0.1
2021-08-01 01:34:31.884,0.12,-0.09
2021-08-01 01:34:31.888,0.11,-0.1
2021-08-01 01:34:31.892,0.115,-0.11
2021-08-01 01:34:31.896,0.12,-0.1
2021-08-01 01:34:31.900,0.125,-0.09
2021-08-01 01:34:31.904,0.115,-0.125
2021-08-01 01:34:31.908,0.12,-0.105
2021-08-01 01:34:31.912,0.115,-0.1
2021-08-01 01:34:31.916,0.12,-0.09
2021-08-01 01:34:31.920,0.13,-0.075
2021-08-01 01:34:31.924,0.135,-0.075
2021-08-01 01:34:31.928,0.125,-0.09
2021-08-01 01:34:31.932,0.125,-0.105
2021-08-01 01:34:31.936,0.135,-0.095
2021-08-01 01:34:31.940,0.12,-0.09
2021-08-01 01:34:31.944,0.11,-0.105
2021-08-01 01:34:31.948,0.125,-0.075
2021-08-01 01:34:31.952,0.105,-0.075
2021-08-01 01:34:31.956,0.1,-0.08
2021-08-01 01:34:31.960,0.115,-0.075
2021-08-01 01:34:31.964,0.11,-0.08
2021-08-01 01:34:31.968,0.105,-0.095
2021-08-01 01:34:31.972,0.105,-0.09
2021-08-01 01:34:31.976,0.13,-0.08
2021-08-01 01:34:31.980,0.115,-0.07
2021-08-01 01:34:31.984,0.12,-0.09
2021-08-01 01:34:31.988,0.1,-0.09
2021-08-01 01:34:31.992,0.11,-0.085
2021-08-01 01:34:31.996,0.12,-0.09
2021-08-01 01:34:32.000,0.12,-0.095
2021-08-01 01:34:32.004,0.12,-0.1
2021-08-01 01:34:32.008,0.105,-0.105
2021-08-01 01:34:32.012,0.085,-0.115
2021-08-01 01:34:32.016,0.105,-0.11
2021-08-01 01:34:32.020,0.095,-0.09
2021-08-01 01:34:32.024,0.115,-0.1
2021-08-01 01:34:32.028,0.105,-0.115
2021-08-01 01:34:32.032,0.095,-0.105
2021-08-01 01:34:32.036,0.1,-0.1
2021-08-01 01:34:32.040,0.105,-0.115
2021-08-01 01:34:32.044,0.09,-0.105
2021-08-01 01:34:32.048,0.11,-0.1
2021-08-01 01:34:32.052,0.095,-0.105
2021-08-01 01:34:32.056,0.115,-0.065
2021-08-01 01:34:32.060,0.11,-0.02
2021-08-01 01:34:32.064,0.115,-0.005
2021-08-01 01:34:32.068,0.13,0.01
2021-08-01 01:34:32.072,0.155,0.025
2021-08-01 01:34:32.076,0.155,0.015
2021-08-01 01:34:32.080,0.165,0.035
2021-08-01 01:34:32.084,0.175,0.06
2021-08-01 01:34:32.088,0.195,0.07
2021-08-01 01:34:32.092,0.185,0.055
2021-08-01 01:34:32.096,0.17,0.04
2021-08-01 01:34:32.100,0.15,0.01
2021-08-01 01:34:32.104,0.105,-0.04
2021-08-01 01:34:32.108,0.07,-0.095
2021-08-01 01:34:32.112,0.055,-0.11
2021-08-01 01:34:32.116,0.045,-0.105
2021-08-01 01:34:32.120,0.02,-0.105
2021-08-01 01:34:32.124,0.03,-0.115
2021-08-01 01:34:32.128,0.05,-0.11
2021-08-01 01:34:32.132,0.055,-0.11
2021-08-01 01:34:32.136,0.09,-0.12
2021-08-01 01:34:32.140,0.11,-0.12
2021-08-01 01:34:32.144,0.115,-0.15
2021-08-01 01:34:32.148,0.12,-0.17
2021-08-01 01:34:32.152,0.12,-0.21
2021-08-01 01:34:32.156,0.115,-0.19
2021-08-01 01:34:32.160,0.1,-0.215
2021-08-01 01:34:32.164,0.095,-0.21
2021-08-01 01:34:32.168,0.08,-0.22
2021-08-01 01:34:32.172,0.075,-0.22
2021-08-01 01:34:32.176,0.09,-0.21
2021-08-01 01:34:32.180,0.09,-0.21
2021-08-01 01:34:32.184,0.09,-0.215
2021-08-01 01:34:32.188,0.09,-0.2
2021-08-01 01:34:32.192,0.11,-0.205
2021-08-01 01:34:32.196,0.1,-0.2
2021-08-01 01:34:32.200,0.1,-0.195
2021-08-01 01:34:32.204,0.09,-0.21
2021-08-01 01:34:32.208,0.11,-0.215
2021-08-01 01:34:32.212,0.095,-0.225
2021-08-01 01:34:32.216,0.11,-0.24
2021-08-01 01:34:32.220,0.09,-0.18
2021-08-01 01:34:32.224,0.12,-0.1
2021-08-01 01:34:32.228,0.15,0.085
2021-08-01 01:34:32.232,0.155,0.31
2021-08-01 01:34:32.236,0.19,0.565
2021-08-01 01:34:32.240,0.255,0.705
2021-08-01 01:34:32.244,0.35,0.705
2021-08-01 01:34:32.248,0.42,0.66
2021-08-01 01:34:32.252,0.405,0.41
2021-08-01 01:34:32.256,0.385,-0.105
2021-08-01 01:34:32.260,0.34,-0.575
2021-08-01 01:34:32.264,0.195,-0.77
2021-08-01 01:34:32.268,-0.025,-0.8
2021-08-01 01:34:32.272,-0.135,-0.755
2021-08-01 01:34:32.276,-0.21,-0.655
2021-08-01 01:34:32.280,-0.21,-0.54
2021-08-01 01:34:32.284,-0.165,-0.405
2021-08-01 01:34:32.288,-0.11,-0.29
2021-08-01 01:34:32.292,-0.04,-0.225
2021-08-01 01:34:32.296,0.05,-0.22
2021-08-01 01:34:32.300,0.09,-0.215
2021-08-01 01:34:32.304,0.11,-0.22
2021-08-01 01:34:32.308,0.12,-0.205
2021-08-01 01:34:32.312,0.11,-0.22
2021-08-01 01:34:32.316,0.11,-0.23
2021-08-01 01:34:32.320,0.12,-0.215
2021-08-01 01:34:32.324,0.105,-0.21
2021-08-01 01:34:32.328,0.115,-0.205
2021-08-01 01:34:32.332,0.095,-0.195
2021-08-01 01:34:32.336,0.105,-0.21
2021-08-01 01:34:32.340,0.09,-0.22
2021-08-01 01:34:32.344,0.085,-0.225
2021-08-01 01:34:32.348,0.09,-0.21
2021-08-01 01:34:32.352,0.1,-0.22
2021-08-01 01:34:32.356,0.1,-0.205
2021-08-01 01:34:32.360,0.095,-0.225
2021-08-01 01:34:32.364,0.09,-0.215
2021-08-01 01:34:32.368,0.1,-0.2
2021-08-01 01:34:32.372,0.095,-0.185
2021-08-01 01:34:32.376,0.09,-0.175
2021-08-01 01:34:32.380,0.095,-0.185
2021-08-01 01:34:32.384,0.105,-0.2
2021-08-01 01:34:32.388,0.075,-0.195
2021-08-01 01:34:32.392,0.08,-0.195
2021-08-01 01:34:32.396,0.09,-0.18
2021-08-01 01:34:32.400,0.07,-0.175
2021-08-01 01:34:32.404,0.075,-0.16
2021-08-01 01:34:32.408,0.075,-0.18
2021-08-01 01:34:32.412,0.08,-0.16
2021-08-01 01:34:32.416,0.075,-0.155
2021-08-01 01:34:32.420,0.075,-0.17
2021-08-01 01:34:32.424,0.06,-0.175
2021-08-01 01:34:32.428,0.08,-0.155
2021-08-01 01:34:32.432,0.08,-0.11
2021-08-01 01:34:32.436,0.075,-0.1
2021-08-01 01:34:32.440,0.1,-0.09
2021-08-01 01:34:32.444,0.085,-0.09
2021-08-01 01:34:32.448,0.105,-0.08
2021-08-01 01:34:32.452,0.12,-0.045
2021-08-01 01:34:32.456,0.125,-0.035
2021-08-01 01:34:32.460,0.12,-0.05
2021-08-01 01:34:32.464,0.13,-0.065
2021-08-01 01:34:32.468,0.125,-0.055
2021-08-01 01:34:32.472,0.115,-0.06
2021-08-01 01:34:32.476,0.095,-0.04
2021-08-01 01:34:32.480,0.12,-0.03
2021-08-01 01:34:32.484,0.12,-0.01
2021-08-01 01:34:32.488,0.145,-0.01
2021-08-01 01:34:32.492,0.17,0.015
2021-08-01 01:34:32.496,0.17,0.025
2021-08-01 01:34:32.500,0.18,0.01
2021-08-01 01:34:32.504,0.185,0.0
2021-08-01 01:34:32.508,0.195,0.015
2021-08-01 01:34:32.512,0.22,0.065
2021-08-01 01:34:32.516,0.215,0.075
2021-08-01 01:34:32.520,0.22,0.055
2021-08-01 01:34:32.524,0.185,0.05
2021-08-01 01:34:32.528,0.145,0.02
2021-08-01 01:34:32.532,0.115,0.005
2021-08-01 01:34:32.536,0.08,0.0
2021-08-01 01:34:32.540,0.065,0.0
2021-08-01 01:34:32.544,0.085,-0.04
2021-08-01 01:34:32.548,0.095,-0.04
2021-08-01 01:34:32.552,0.085,-0.03
2021-08-01 01:34:32.556,0.1,-0.05
2021-08-01 01:34:32.560,0.105,-0.075
2021-08-01 01:34:32.564,0.1,-0.08
2021-08-01 01:34:32.568,0.095,-0.09
2021-08-01 01:34:32.572,0.11,-0.08
2021-08-01 01:34:32.576,0.115,-0.07
2021-08-01 01:34:32.580,0.085,-0.055
2021-08-01 01:34:32.584,0.085,-0.085
2021-08-01 01:34:32.588,0.095,-0.085
2021-08-01 01:34:32.592,0.085,-0.065
2021-08-01 01:34:32.596,0.1,-0.09
2021-08-01 01:34:32.600,0.09,-0.075
2021-08-01 01:34:32.604,0.09,-0.085
2021-08-01 01:34:32.608,0.105,-0.085
2021-08-01 01:34:32.612,0.105,-0.07
2021-08-01 01:34:32.616,0.11,-0.07
2021-08-01 01:34:32.620,0.105,-0.09
2021-08-01 01:34:32.624,0.09,-0.12
2021-08-01 01:34:32.628,0.105,-0.045
2021-08-01 01:34:32.632,0.085,0.125
2021-08-01 01:34:32.636,0.115,0.41
2021-08-01 01:34:32.640,0.145,0.725
2021-08-01 01:34:32.644,0.19,0.91
2021-08-01 01:34:32.648,0.29,0.835
2021-08-01 01:34:32.652,0.375,0.56
2021-08-01 01:34:32.656,0.395,0.01
2021-08-01 01:34:32.660,0.29,-0.535
2021-08-01 01:34:32.664,0.15,-0.76
2021-08-01 01:34:32.668,-0.035,-0.78
2021-08-01 01:34:32.672,-0.165,-0.64
2021-08-01 01:34:32.676,-0.25,-0.57
2021-08-01 01:34:32.680,-0.24,-0.465
2021-08-01 01:34:32.684,-0.225,-0.315
2021-08-01 01:34:32.688,-0.16,-0.195
2021-08-01 01:34:32.692,-0.06,-0.14
2021-08-01 01:34:32.696,0.03,-0.15
2021-08-01 01:34:32.700,0.05,-0.16
2021-08-01 01:34:32.704,0.075,-0.18
2021-08-01 01:34:32.708,0.075,-0.175
2021-08-01 01:34:32.712,0.045,-0.185
2021-08-01 01:34:32.716,0.075,-0.19
2021-08-01 01:34:32.720,0.06,-0.195
2021-08-01 01:34:32.724,0.06,-0.2
2021-08-01 01:34:32.728,0.08,-0.185
2021-08-01 01:34:32.732,0.08,-0.19
2021-08-01 01:34:32.736,0.055,-0.185
2021-08-01 01:34:32.740,0.05,-0.195
2021-08-01 01:34:32.744,0.06,-0.23
2021-08-01 01:34:32.748,0.065,-0.22
2021-08-01 01:34:32.752,0.055,-0.2
2021-08-01 01:34:32.756,0.06,-0.225
2021-08-01 01:34:32.760,0.05,-0.22
2021-08-01 01:34:32.764,0.075,-0.215
2021-08-01 01:34:32.768,0.055,-0.205
2021-08-01 01:34:32.772,0.055,-0.22
2021-08-01 01:34:32.776,0.07,-0.23
2021-08-01 01:34:32.780,0.07,-0.215
2021-08-01 01:34:32.784,0.055,-0.22
2021-08-01 01:34:32.788,0.06,-0.23
2021-08-01 01:34:32.792,0.08,-0.22
2021-08-01 01:34:32.796,0.06,-0.215
2021-08-01 01:34:32.800,0.04,-0.225
2021-08-01 01:34:32.804,0.085,-0.21
2021-08-01 01:34:32.808,0.065,-0.195
2021-08-01 01:34:32.812,0.075,-0.19
2021-08-01 01:34:32.816,0.085,-0.195
2021-08-01 01:34:32.820,0.07,-0.18
2021-08-01 01:34:32.824,0.085,-0.175
2021-08-01 01:34:32.828,0.085,-0.175
2021-08-01 01:34:32.832,0.065,-0.135
2021-08-01 01:34:32.836,0.08,-0.12
2021-08-01 01:34:32.840,0.09,-0.125
2021-08-01 01:34:32.844,0.1,-0.12
2021-08-01 01:34:32.848,0.075,-0.1
2021-08-01 01:34:32.852,0.085,-0.1
2021-08-01 01:34:32.856,0.09,-0.09
2021-08-01 01:34:32.860,0.095,-0.08
2021-08-01 01:34:32.864,0.09,-0.07
2021-08-01 01:34:32.868,0.095,-0.045
2021-08-01 01:34:32.872,0.105,-0.02
2021-08-01 01:34:32.876,0.12,-0.025
2021-08-01 01:34:32.880,0.095,-0.02
2021-08-01 01:34:32.884,0.105,0.0
2021-08-01 01:34:32.888,0.115,0.005
2021-08-01 01:34:32.892,0.115,0.03
2021-08-01 01:34:32.896,0.115,0.03
2021-08-01 01:34:32.900,0.125,0.015
2021-08-01 01:34:32.904,0.13,0.015
2021-08-01 01:34:32.908,0.145,0.01
2021-08-01 01:34:32.912,0.13,-0.005
2021-08-01 01:34:32.916,0.135,-0.01
2021-08-01 01:34:32.920,0.115,-0.035
2021-08-01 01:34:32.924,0.125,-0.045
2021-08-01 01:34:32.928,0.135,-0.06
2021-08-01 01:34:32.932,0.14,-0.065
2021-08-01 01:34:32.936,0.145,-0.06
2021-08-01 01:34:32.940,0.155,-0.075
2021-08-01 01:34:32.944,0.15,-0.105
2021-08-01 01:34:32.948,0.14,-0.095
2021-08-01 01:34:32.952,0.135,-0.085
2021-08-01 01:34:32.956,0.145,-0.1
2021-08-01 01:34:32.960,0.125,-0.105
2021-08-01 01:34:32.964,0.135,-0.105
2021-08-01 01:34:32.968,0.15,-0.105
2021-08-01 01:34:32.972,0.135,-0.095
2021-08-01 01:34:32.976,0.12,-0.095
2021-08-01 01:34:32.980,0.135,-0.12
2021-08-01 01:34:32.984,0.13,-0.105
2021-08-01 01:34:32.988,0.125,-0.085
2021-08-01 01:34:32.992,0.13,-0.1
2021-08-01 01:34:32.996,0.145,-0.09
2021-08-01 01:34:33.000,0.125,-0.11
2021-08-01 01:34:33.004,0.135,-0.12
2021-08-01 01:34:33.008,0.135,-0.105
2021-08-01 01:34:33.012,0.115,-0.105
2021-08-01 01:34:33.016,0.125,-0.11
2021-08-01 01:34:33.020,0.145,-0.13
2021-08-01 01:34:33.024,0.12,-0.13
2021-08-01 01:34:33.028,0.115,-0.115
2021-08-01 01:34:33.032,0.125,-0.11
2021-08-01 01:34:33.036,0.13,-0.12
2021-08-01 01:34:33.040,0.125,-0.13
2021-08-01 01:34:33.044,0.12,-0.13
2021-08-01 01:34:33.048,0.145,-0.115
2021-08-01 01:34:33.052,0.12,-0.12
2021-08-01 01:34:33.056,0.115,-0.13
2021-08-01 01:34:33.060,0.125,-0.145
2021-08-01 01:34:33.064,0.115,-0.16
2021-08-01 01:34:33.068,0.11,-0.15
2021-08-01 01:34:33.072,0.115,-0.15
2021-08-01 01:34:33.076,0.115,-0.135
2021-08-01 01:34:33.080,0.115,-0.145
2021-08-01 01:34:33.084,0.13,-0.14
2021-08-01 01:34:33.088,0.125,-0.155
2021-08-01 01:34:33.092,0.115,-0.15
2021-08-01 01:34:33.096,0.105,-0.135
2021-08-01 01:34:33.100,0.11,-0.135
2021-08-01 01:34:33.104,0.13,-0.15
2021-08-01 01:34:33.108,0.115,-0.13
2021-08-01 01:34:33.112,0.11,-0.13
2021-08-01 01:34:33.116,0.12,-0.14
2021-08-01 01:34:33.120,0.105,-0.16
2021-08-01 01:34:33.124,0.115,-0.155
2021-08-01 01:34:33.128,0.13,-0.135
2021-08-01 01:34:33.132,0.12,-0.14
2021-08-01 01:34:33.136,0.105,-0.145
2021-08-01 01:34:33.140,0.12,-0.155
2021-08-01 01:34:33.144,0.12,-0.165
2021-08-01 01:34:33.148,0.12,-0.125
2021-08-01 01:34:33.152,0.13,-0.135
2021-08-01 01:34:33.156,0.14,-0.14
2021-08-01 01:34:33.160,0.145,-0.125
2021-08-01 01:34:33.164,0.115,-0.14
2021-08-01 01:34:33.168,0.12,-0.15
2021-08-01 01:34:33.172,0.15,-0.13
2021-08-01 01:34:33.176,0.12,-0.145
2021-08-01 01:34:33.180,0.125,-0.16
2021-08-01 01:34:33.184,0.13,-0.15
2021-08-01 01:34:33.188,0.14,-0.135
2021-08-01 01:34:33.192,0.13,-0.13
2021-08-01 01:34:33.196,0.145,-0.135
2021-08-01 01:34:33.200,0.135,-0.135
2021-08-01 01:34:33.204,0.125,-0.13
2021-08-01 01:34:33.208,0.125,-0.13
2021-08-01 01:34:33.212,0.125,-0.125
2021-08-01 01:34:33.216,0.125,-0.13
2021-08-01 01:34:33.220,0.125,-0.135
2021-08-01 01:34:33.224,0.13,-0.135
2021-08-01 01:34:33.228,0.125,-0.13
2021-08-01 01:34:33.232,0.125,-0.13
2021-08-01 01:34:33.236,0.135,-0.135
2021-08-01 01:34:33.240,0.115,-0.14
2021-08-01 01:34:33.244,0.14,-0.125
2021-08-01 01:34:33.248,0.135,-0.125
2021-08-01 01:34:33.252,0.125,-0.13
2021-08-01 01:34:33.256,0.135,-0.12
2021-08-01 01:34:33.260,0.13,-0.13
2021-08-01 01:34:33.264,0.135,-0.125
2021-08-01 01:34:33.268,0.135,-0.12
2021-08-01 01:34:33.272,0.13,-0.125
2021-08-01 01:34:33.276,0.13,-0.135
2021-08-01 01:34:33.280,0.135,-0.14
2021-08-01 01:34:33.284,0.135,-0.105
2021-08-01 01:34:33.288,0.14,-0.09
2021-08-01 01:34:33.292,0.14,-0.06
2021-08-01 01:34:33.296,0.14,-0.045
2021-08-01 01:34:33.300,0.175,-0.015
2021-08-01 01:34:33.304,0.18,-0.005
2021-08-01 01:34:33.308,0.19,0.015
2021-08-01 01:34:33.312,0.195,0.02
2021-08-01 01:34:33.316,0.21,0.05
2021-08-01 01:34:33.320,0.225,0.055
2021-08-01 01:34:33.324,0.225,0.06
2021-08-01 01:34:33.328,0.205,0.035
2021-08-01 01:34:33.332,0.17,-0.01
2021-08-01 01:34:33.336,0.15,-0.055
2021-08-01 01:34:33.340,0.15,-0.095
2021-08-01 01:34:33.344,0.095,-0.12
2021-08-01 01:34:33.348,0.095,-0.125
2021-08-01 01:34:33.352,0.075,-0.12
2021-08-01 01:34:33.356,0.09,-0.1
2021-08-01 01:34:33.360,0.075,-0.1
2021-08-01 01:34:33.364,0.12,-0.115
2021-08-01 01:34:33.368,0.115,-0.095
2021-08-01 01:34:33.372,0.125,-0.14
2021-08-01 01:34:33.376,0.13,-0.18
2021-08-01 01:34:33.380,0.14,-0.185
2021-08-01 01:34:33.384,0.13,-0.205
2021-08-01 01:34:33.388,0.135,-0.22
2021-08-01 01:34:33.392,0.12,-0.235
2021-08-01 01:34:33.396,0.115,-0.245
2021-08-01 01:34:33.400,0.11,-0.24
2021-08-01 01:34:33.404,0.115,-0.225
2021-08-01 01:34:33.408,0.095,-0.24
2021-08-01 01:34:33.412,0.105,-0.24
2021-08-01 01:34:33.416,0.115,-0.26
2021-08-01 01:34:33.420,0.105,-0.255
2021-08-01 01:34:33.424,0.095,-0.25
2021-08-01 01:34:33.428,0.095,-0.235
2021-08-01 01:34:33.432,0.095,-0.235
2021-08-01 01:34:33.436,0.11,-0.235
2021-08-01 01:34:33.440,0.105,-0.235
2021-08-01 01:34:33.444,0.125,-0.255
2021-08-01 01:34:33.448,0.125,-0.255
2021-08-01 01:34:33.452,0.115,-0.23
2021-08-01 01:34:33.456,0.125,-0.12
2021-08-01 01:34:33.460,0.175,0.105
2021-08-01 01:34:33.464,0.19,0.39
2021-08-01 01:34:33.468,0.24,0.655
2021-08-01 01:34:33.472,0.33,0.775
2021-08-01 01:34:33.476,0.41,0.76
2021-08-01 01:34:33.480,0.44,0.67
2021-08-01 01:34:33.484,0.4,0.46
2021-08-01 01:34:33.488,0.305,-0.05
2021-08-01 01:34:33.492,0.21,-0.535
2021-08-01 01:34:33.496,0.02,-0.785
2021-08-01 01:34:33.500,-0.18,-0.82
2021-08-01 01:34:33.504,-0.28,-0.72
2021-08-01 01:34:33.508,-0.285,-0.595
2021-08-01 01:34:33.512,-0.26,-0.475
2021-08-01 01:34:33.516,-0.205,-0.37
2021-08-01 01:34:33.520,-0.11,-0.29
2021-08-01 01:34:33.524,-0.01,-0.255
2021-08-01 01:34:33.528,0.07,-0.275
2021-08-01 01:34:33.532,0.095,-0.275
2021-08-01 01:34:33.536,0.095,-0.265
2021-08-01 01:34:33.540,0.115,-0.275
2021-08-01 01:34:33.544,0.11,-0.255
2021-08-01 01:34:33.548,0.105,-0.26
2021-08-01 01:34:33.552,0.11,-0.265
2021-08-01 01:34:33.556,0.11,-0.26
2021-08-01 01:34:33.560,0.11,-0.245
2021-08-01 01:34:33.564,0.1,-0.245
2021-08-01 01:34:33.568,0.12,-0.26
2021-08-01 01:34:33.572,0.11,-0.25
2021-08-01 01:34:33.576,0.1,-0.26
2021-08-01 01:34:33.580,0.11,-0.245
2021-08-01 01:34:33.584,0.11,-0.225
2021-08-01 01:34:33.588,0.12,-0.22
2021-08-01 01:34:33.592,0.125,-0.225
2021-08-01 01:34:33.596,0.12,-0.24
2021-08-01 01:34:33.600,0.115,-0.23
2021-08-01 01:34:33.604,0.115,-0.225
2021-08-01 01:34:33.608,0.11,-0.21
2021-08-01 01:34:33.612,0.105,-0.22
2021-08-01 01:34:33.616,0.11,-0.22
2021-08-01 01:34:33.620,0.12,-0.195
2021-08-01 01:34:33.624,0.125,-0.185
2021-08-01 01:34:33.628,0.11,-0.21
2021-08-01 01:34:33.632,0.135,-0.195
2021-08-01 01:34:33.636,0.12,-0.195
2021-08-01 01:34:33.640,0.11,-0.175
2021-08-01 01:34:33.644,0.11,-0.18
2021-08-01 01:34:33.648,0.125,-0.17
2021-08-01 01:34:33.652,0.115,-0.155
2021-08-01 01:34:33.656,0.105,-0.15
2021-08-01 01:34:33.660,0.105,-0.155
2021-08-01 01:34:33.664,0.11,-0.16
2021-08-01 01:34:33.668,0.11,-0.145
2021-08-01 01:34:33.672,0.135,-0.15
2021-08-01 01:34:33.676,0.135,-0.135
2021-08-01 01:34:33.680,0.12,-0.125
2021-08-01 01:34:33.684,0.105,-0.1
2021-08-01 01:34:33.688,0.13,-0.095
2021-08-01 01:34:33.692,0.125,-0.095
2021-08-01 01:34:33.696,0.13,-0.1
2021-08-01 01:34:33.700,0.16,-0.085
2021-08-01 01:34:33.704,0.135,-0.065
2021-08-01 01:34:33.708,0.13,-0.07
2021-08-01 01:34:33.712,0.145,-0.07
2021-08-01 01:34:33.716,0.13,-0.07
2021-08-01 01:34:33.720,0.135,-0.05
2021-08-01 01:34:33.724,0.14,-0.05
2021-08-01 01:34:33.728,0.145,-0.045
2021-08-01 01:34:33.732,0.135,-0.035
2021-08-01 01:34:33.736,0.14,-0.025
2021-08-01 01:34:33.740,0.145,-0.02
2021-08-01 01:34:33.744,0.13,0.0
2021-08-01 01:34:33.748,0.145,-0.005
2021-08-01 01:34:33.752,0.125,0.005
2021-08-01 01:34:33.756,0.135,0.0
2021-08-01 01:34:33.760,0.155,0.005
2021-08-01 01:34:33.764,0.155,0.005
2021-08-01 01:34:33.768,0.145,0.02
2021-08-01 01:34:33.772,0.16,0.02
2021-08-01 01:34:33.776,0.125,0.02
2021-08-01 01:34:33.780,0.15,0.005
2021-08-01 01:34:33.784,0.15,0.01
2021-08-01 01:34:33.788,0.145,0.005
2021-08-01 01:34:33.792,0.13,-0.03
2021-08-01 01:34:33.796,0.14,-0.04
2021-08-01 01:34:33.800,0.115,-0.04
2021-08-01 01:34:33.804,0.11,-0.065
2021-08-01 01:34:33.808,0.125,-0.085
2021-08-01 01:34:33.812,0.13,-0.095
2021-08-01 01:34:33.816,0.115,-0.07
2021-08-01 01:34:33.820,0.135,-0.08
2021-08-01 01:34:33.824,0.145,-0.085
2021-08-01 01:34:33.828,0.115,-0.08
2021-08-01 01:34:33.832,0.13,-0.07
2021-08-01 01:34:33.836,0.12,-0.075
2021-08-01 01:34:33.840,0.11,-0.09
2021-08-01 01:34:33.844,0.11,-0.075
2021-08-01 01:34:33.848,0.125,-0.08
2021-08-01 01:34:33.852,0.13,-0.09
2021-08-01 01:34:33.856,0.12,-0.075
2021-08-01 01:34:33.860,0.12,-0.075
2021-08-01 01:34:33.864,0.12,-0.055
2021-08-01 01:34:33.868,0.13,-0.07
2021-08-01 01:34:33.872,0.11,-0.065
2021-08-01 01:34:33.876,0.125,-0.075
2021-08-01 01:34:33.880,0.13,-0.07
2021-08-01 01:34:33.884,0.105,-0.06
2021-08-01 01:34:33.888,0.11,-0.07
2021-08-01 01:34:33.892,0.11,-0.095
2021-08-01 01:34:33.896,0.12,-0.085
2021-08-01 01:34:33.900,0.11,-0.075
2021-08-01 01:34:33.904,0.11,-0.075
2021-08-01 01:34:33.908,0.115,-0.08
2021-08-01 01:34:33.912,0.11,-0.085
2021-08-01 01:34:33.916,0.105,-0.075
2021-08-01 01:34:33.920,0.125,-0.07
2021-08-01 01:34:33.924,0.105,-0.075
2021-08-01 01:34:33.928,0.115,-0.09
2021-08-01 01:34:33.932,0.115,-0.1
2021-08-01 01:34:33.936,0.11,-0.13
2021-08-01 01:34:33.940,0.11,-0.115
2021-08-01 01:34:33.944,0.095,-0.115
2021-08-01 01:34:33.948,0.11,-0.095
2021-08-01 01:34:33.952,0.095,-0.105
2021-08-01 01:34:33.956,0.105,-0.115
2021-08-01 01:34:33.960,0.11,-0.095
2021-08-01 01:34:33.964,0.115,-0.11
2021-08-01 01:34:33.968,0.095,-0.095
2021-08-01 01:34:33.972,0.105,-0.1
2021-08-01 01:34:33.976,0.115,-0.065
2021-08-01 01:34:33.980,0.11,-0.04
2021-08-01 01:34:33.984,0.115,-0.02
2021-08-01 01:34:33.988,0.13,-0.025
2021-08-01 01:34:33.992,0.15,0.0
2021-08-01 01:34:33.996,0.15,0.01
2021-08-01 01:34:34.000,0.175,0.02
2021-08-01 01:34:34.004,0.175,0.025
2021-08-01 01:34:34.008,0.185,0.05
2021-08-01 01:34:34.012,0.175,0.055
2021-08-01 01:34:34.016,0.18,0.075
2021-08-01 01:34:34.020,0.155,0.04
2021-08-01 01:34:34.024,0.125,-0.015
2021-08-01 01:34:34.028,0.1,-0.08
2021-08-01 01:34:34.032,0.075,-0.13
2021-08-01 01:34:34.036,0.04,-0.15
2021-08-01 01:34:34.040,0.035,-0.155
2021-08-01 01:34:34.044,0.045,-0.125
2021-08-01 01:34:34.048,0.02,-0.1
2021-08-01 01:34:34.052,0.04,-0.105
2021-08-01 01:34:34.056,0.06,-0.105
2021-08-01 01:34:34.060,0.075,-0.125
2021-08-01 01:34:34.064,0.09,-0.16
2021-08-01 01:34:34.068,0.11,-0.2
2021-08-01 01:34:34.072,0.11,-0.205
2021-08-01 01:34:34.076,0.095,-0.195
2021-08-01 01:34:34.080,0.095,-0.22
2021-08-01 01:34:34.084,0.095,-0.235
2021-08-01 01:34:34.088,0.075,-0.245
2021-08-01 01:34:34.092,0.075,-0.245
2021-08-01 01:34:34.096,0.09,-0.24
2021-08-01 01:34:34.100,0.09,-0.22
2021-08-01 01:34:34.104,0.095,-0.225
2021-08-01 01:34:34.108,0.09,-0.22
2021-08-01 01:34:34.112,0.085,-0.23
2021-08-01 01:34:34.116,0.08,-0.23
2021-08-01 01:34:34.120,0.085,-0.22
2021-08-01 01:34:34.124,0.09,-0.235
2021-08-01 01:34:34.128,0.085,-0.23
2021-08-01 01:34:34.132,0.075,-0.235
2021-08-01 01:34:34.136,0.095,-0.26
2021-08-01 01:34:34.140,0.1,-0.255
2021-08-01 01:34:34.144,0.075,-0.2
2021-08-01 01:34:34.148,0.1,-0.11
2021-08-01 01:34:34.152,0.135,0.09
2021-08-01 01:34:34.156,0.145,0.35
2021-08-01 01:34:34.160,0.175,0.59
2021-08-01 01:34:34.164,0.26,0.675
2021-08-01 01:34:34.168,0.355,0.67
2021-08-01 01:34:34.172,0.39,0.555
2021-08-01 01:34:34.176,0.39,0.265
2021-08-01 01:34:34.180,0.345,-0.285
2021-08-01 01:34:34.184,0.255,-0.655
2021-08-01 01:34:34.188,0.085,-0.82
2021-08-01 01:34:34.192,-0.115,-0.835
2021-08-01 01:34:34.196,-0.22,-0.75
2021-08-01 01:34:34.200,-0.245,-0.64
2021-08-01 01:34:34.204,-0.21,-0.5
2021-08-01 01:34:34.208,-0.17,-0.385
2021-08-01 01:34:34.212,-0.105,-0.295
2021-08-01 01:34:34.216,-0.01,-0.235
2021-08-01 01:34:34.220,0.05,-0.22
2021-08-01 01:34:34.224,0.07,-0.22
2021-08-01 01:34:34.228,0.085,-0.255
2021-08-01 01:34:34.232,0.1,-0.255
2021-08-01 01:34:34.236,0.105,-0.24
2021-08-01 01:34:34.240,0.085,-0.23
2021-08-01 01:34:34.244,0.095,-0.24
2021-08-01 01:34:34.248,0.085,-0.215
2021-08-01 01:34:34.252,0.085,-0.235
2021-08-01 01:34:34.256,0.07,-0.22
2021-08-01 01:34:34.260,0.085,-0.23
2021-08-01 01:34:34.264,0.07,-0.225
2021-08-01 01:34:34.268,0.09,-0.235
2021-08-01 01:34:34.272,0.1,-0.235
2021-08-01 01:34:34.276,0.095,-0.235
2021-08-01 01:34:34.280,0.07,-0.205
2021-08-01 01:34:34.284,0.08,-0.235
2021-08-01 01:34:34.288,0.07,-0.22
2021-08-01 01:34:34.292,0.065,-0.215
2021-08-01 01:34:34.296,0.08,-0.19
2021-08-01 01:34:34.300,0.09,-0.22
2021-08-01 01:34:34.304,0.07,-0.2
2021-08-01 01:34:34.308,0.08,-0.2
2021-08-01 01:34:34.312,0.07,-0.2
2021-08-01 01:34:34.316,0.075,-0.21
2021-08-01 01:34:34.320,0.065,-0.205
2021-08-01 01:34:34.324,0.075,-0.195
2021-08-01 01:34:34.328,0.08,-0.2
2021-08-01 01:34:34.332,0.08,-0.18
2021-08-01 01:34:34.336,0.08,-0.17
2021-08-01 01:34:34.340,0.065,-0.19
2021-08-01 01:34:34.344,0.085,-0.185
2021-08-01 01:34:34.348,0.075,-0.165
2021-08-01 01:34:34.352,0.07,-0.165
2021-08-01 01:34:34.356,0.095,-0.16
2021-08-01 01:34:34.360,0.055,-0.125
2021-08-01 01:34:34.364,0.055,-0.135
2021-08-01 01:34:34.368,0.065,-0.13
2021-08-01 01:34:34.372,0.06,-0.11
2021-08-01 01:34:34.376,0.06,-0.125
2021-08-01 01:34:34.380,0.06,-0.11
2021-08-01 01:34:34.384,0.06,-0.115
2021-08-01 01:34:34.388,0.065,-0.11
2021-08-01 01:34:34.392,0.075,-0.1
2021-08-01 01:34:34.396,0.08,-0.105
2021-08-01 01:34:34.400,0.055,-0.09
2021-08-01 01:34:34.404,0.06,-0.08
2021-08-01 01:34:34.408,0.065,-0.06
2021-08-01 01:34:34.412,0.085,-0.075
2021-08-01 01:34:34.416,0.075,-0.06
2021-08-01 01:34:34.420,0.055,-0.06
2021-08-01 01:34:34.424,0.07,-0.04
2021-08-01 01:34:34.428,0.055,-0.035
2021-08-01 01:34:34.432,0.055,-0.015
2021-08-01 01:34:34.436,0.08,-0.005
2021-08-01 01:34:34.440,0.07,0.01
2021-08-01 01:34:34.444,0.06,0.01
2021-08-01 01:34:34.448,0.075,-0.01
2021-08-01 01:34:34.452,0.095,0.0
2021-08-01 01:34:34.456,0.095,0.005
2021-08-01 01:34:34.460,0.09,0.0
2021-08-01 01:34:34.464,0.095,-0.02
2021-08-01 01:34:34.468,0.11,-0.03
2021-08-01 01:34:34.472,0.08,-0.035
2021-08-01 01:34:34.476,0.105,-0.05
2021-08-01 01:34:34.480,0.11,-0.055
2021-08-01 01:34:34.484,0.105,-0.07
2021-08-01 01:34:34.488,0.09,-0.08
2021-08-01 01:34:34.492,0.115,-0.065
2021-08-01 01:34:34.496,0.115,-0.055
2021-08-01 01:34:34.500,0.115,-0.055
2021-08-01 01:34:34.504,0.105,-0.07
2021-08-01 01:34:34.508,0.115,-0.08
2021-08-01 01:34:34.512,0.115,-0.075
2021-08-01 01:34:34.516,0.1,-0.07
2021-08-01 01:34:34.520,0.11,-0.06
2021-08-01 01:34:34.524,0.105,-0.065
2021-08-01 01:34:34.528,0.1,-0.055
2021-08-01 01:34:34.532,0.115,-0.07
2021-08-01 01:34:34.536,0.09,-0.075
2021-08-01 01:34:34.540,0.105,-0.07
2021-08-01 01:34:34.544,0.105,-0.08
2021-08-01 01:34:34.548,0.09,-0.07
2021-08-01 01:34:34.552,0.1,-0.045
2021-08-01 01:34:34.556,0.105,-0.06
2021-08-01 01:34:34.560,0.11,-0.06
2021-08-01 01:34:34.564,0.1,-0.055
2021-08-01 01:34:34.568,0.085,-0.075
2021-08-01 01:34:34.572,0.09,-0.06
2021-08-01 01:34:34.576,0.095,-0.055
2021-08-01 01:34:34.580,0.095,-0.065
2021-08-01 01:34:34.584,0.095,-0.065
2021-08-01 01:34:34.588,0.105,-0.08
2021-08-01 01:34:34.592,0.085,-0.07
2021-08-01 01:34:34.596,0.085,-0.075
2021-08-01 01:34:34.600,0.085,-0.08
2021-08-01 01:34:34.604,0.09,-0.08
2021-08-01 01:34:34.608,0.085,-0.1
2021-08-01 01:34:34.612,0.09,-0.09
2021-08-01 01:34:34.616,0.095,-0.08
2021-08-01 01:34:34.620,0.075,-0.095
2021-08-01 01:34:34.624,0.08,-0.12
2021-08-01 01:34:34.628,0.09,-0.11
2021-08-01 01:34:34.632,0.08,-0.115
2021-08-01 01:34:34.636,0.08,-0.115
2021-08-01 01:34:34.640,0.07,-0.105
2021-08-01 01:34:34.644,0.07,-0.105
2021-08-01 01:34:34.648,0.07,-0.08
2021-08-01 01:34:34.652,0.06,-0.075
2021-08-01 01:34:34.656,0.08,-0.045
2021-08-01 01:34:34.660,0.085,-0.02
2021-08-01 01:34:34.664,0.105,-0.01
2021-08-01 01:34:34.668,0.135,0.02
2021-08-01 01:34:34.672,0.13,0.055
2021-08-01 01:34:34.676,0.13,0.06
2021-08-01 01:34:34.680,0.15,0.055
2021-08-01 01:34:34.684,0.165,0.075
2021-08-01 01:34:34.688,0.16,0.09
2021-08-01 01:34:34.692,0.165,0.075
2021-08-01 01:34:34.696,0.135,0.05
2021-08-01 01:34:34.700,0.09,-0.005
2021-08-01 01:34:34.704,0.065,-0.075
2021-08-01 01:34:34.708,0.065,-0.135
2021-08-01 01:34:34.712,0.04,-0.125
2021-08-01 01:34:34.716,0.015,-0.13
2021-08-01 01:34:34.720,0.03,-0.13
2021-08-01 01:34:34.724,-0.005,-0.135
2021-08-01 01:34:34.728,0.0,-0.135
2021-08-01 01:34:34.732,0.045,-0.14
2021-08-01 01:34:34.736,0.03,-0.16
2021-08-01 01:34:34.740,0.055,-0.165
2021-08-01 01:34:34.744,0.07,-0.185
2021-08-01 01:34:34.748,0.07,-0.18
2021-08-01 01:34:34.752,0.075,-0.21
2021-08-01 01:34:34.756,0.075,-0.215
2021-08-01 01:34:34.760,0.075,-0.255
2021-08-01 01:34:34.764,0.06,-0.25
2021-08-01 01:34:34.768,0.04,-0.245
2021-08-01 01:34:34.772,0.025,-0.24
2021-08-01 01:34:34.776,0.035,-0.255
2021-08-01 01:34:34.780,0.045,-0.24
2021-08-01 01:34:34.784,0.035,-0.25
2021-08-01 01:34:34.788,0.05,-0.245
2021-08-01 01:34:34.792,0.05,-0.24
2021-08-01 01:34:34.796,0.05,-0.23
2021-08-01 01:34:34.800,0.045,-0.255
2021-08-01 01:34:34.804,0.035,-0.245
2021-08-01 01:34:34.808,0.04,-0.24
2021-08-01 01:34:34.812,0.045,-0.255
2021-08-01 01:34:34.816,0.05,-0.285
2021-08-01 01:34:34.820,0.045,-0.255
2021-08-01 01:34:34.824,0.055,-0.15
2021-08-01 01:34:34.828,0.075,0.055
2021-08-01 01:34:34.832,0.07,0.3
2021-08-01 01:34:34.836,0.13,0.53
2021-08-01 01:34:34.840,0.2,0.655
2021-08-01 01:34:34.844,0.285,0.69
2021-08-01 01:34:34.848,0.355,0.62
2021-08-01 01:34:34.852,0.345,0.33
2021-08-01 01:34:34.856,0.3,-0.2
2021-08-01 01:34:34.860,0.255,-0.635
2021-08-01 01:34:34.864,0.07,-0.815
2021-08-01 01:34:34.868,-0.1,-0.825
2021-08-01 01:34:34.872,-0.215,-0.785
2021-08-01 01:34:34.876,-0.275,-0.68
2021-08-01 01:34:34.880,-0.255,-0.555
2021-08-01 01:34:34.884,-0.24,-0.465
2021-08-01 01:34:34.888,-0.16,-0.345
2021-08-01 01:34:34.892,-0.1,-0.275
2021-08-01 01:34:34.896,-0.015,-0.26
2021-08-01 01:34:34.900,0.035,-0.28
2021-08-01 01:34:34.904,0.035,-0.285
2021-08-01 01:34:34.908,0.055,-0.275
2021-08-01 01:34:34.912,0.065,-0.28
2021-08-01 01:34:34.916,0.055,-0.275
2021-08-01 01:34:34.920,0.045,-0.27
2021-08-01 01:34:34.924,0.025,-0.26
2021-08-01 01:34:34.928,0.06,-0.265
2021-08-01 01:34:34.932,0.055,-0.25
2021-08-01 01:34:34.936,0.06,-0.245
2021-08-01 01:34:34.940,0.06,-0.27
2021-08-01 01:34:34.944,0.05,-0.265
2021-08-01 01:34:34.948,0.055,-0.25
2021-08-01 01:34:34.952,0.06,-0.265
2021-08-01 01:34:34.956,0.055,-0.255
2021-08-01 01:34:34.960,0.055,-0.26
2021-08-01 01:34:34.964,0.05,-0.245
2021-08-01 01:34:34.968,0.075,-0.245
2021-08-01 01:34:34.972,0.05,-0.245
2021-08-01 01:34:34.976,0.06,-0.24
2021-08-01 01:34:34.980,0.035,-0.255
2021-08-01 01:34:34.984,0.065,-0.25
2021-08-01 01:34:34.988,0.055,-0.225
2021-08-01 01:34:34.992,0.05,-0.235
2021-08-01 01:34:34.996,0.07,-0.23
2021-08-01 01:34:35.000,0.065,-0.235
2021-08-01 01:34:35.004,0.05,-0.215
2021-08-01 01:34:35.008,0.07,-0.21
2021-08-01 01:34:35.012,0.05,-0.2
2021-08-01 01:34:35.016,0.05,-0.19
2021-08-01 01:34:35.020,0.05,-0.205
2021-08-01 01:34:35.024,0.045,-0.18
2021-08-01 01:34:35.028,0.065,-0.17
2021-08-01 01:34:35.032,0.07,-0.155
2021-08-01 01:34:35.036,0.07,-0.18
2021-08-01 01:34:35.040,0.095,-0.175
2021-08-01 01:34:35.044,0.08,-0.145
2021-08-01 01:34:35.048,0.08,-0.12
2021-08-01 01:34:35.052,0.1,-0.13
2021-08-01 01:34:35.056,0.105,-0.125
2021-08-01 01:34:35.060,0.12,-0.135
2021-08-01 01:34:35.064,0.095,-0.16
2021-08-01 01:34:35.068,0.09,-0.13
2021-08-01 01:34:35.072,0.09,-0.125
2021-08-01 01:34:35.076,0.095,-0.11
2021-08-01 01:34:35.080,0.115,-0.1
2021-08-01 01:34:35.084,0.13,-0.085
2021-08-01 01:34:35.088,0.14,-0.095
2021-08-01 01:34:35.092,0.155,-0.08
2021-08-01 01:34:35.096,0.145,-0.085
2021-08-01 01:34:35.100,0.185,-0.125
2021-08-01 01:34:35.104,0.205,-0.075
2021-08-01 01:34:35.108,0.21,-0.03
2021-08-01 01:34:35.112,0.2,-0.04
2021-08-01 01:34:35.116,0.17,-0.04
2021-08-01 01:34:35.120,0.14,-0.05
2021-08-01 01:34:35.124,0.115,-0.055
2021-08-01 01:34:35.128,0.095,-0.055
2021-08-01 01:34:35.132,0.07,-0.085
2021-08-01 01:34:35.136,0.075,-0.09
2021-08-01 01:34:35.140,0.07,-0.125
2021-08-01 01:34:35.144,0.08,-0.105
2021-08-01 01:34:35.148,0.08,-0.115
2021-08-01 01:34:35.152,0.08,-0.12
2021-08-01 01:34:35.156,0.075,-0.125
2021-08-01 01:34:35.160,0.085,-0.16
2021-08-01 01:34:35.164,0.07,-0.125
2021-08-01 01:34:35.168,0.075,-0.125
2021-08-01 01:34:35.172,0.065,-0.135
2021-08-01 01:34:35.176,0.09,-0.155
2021-08-01 01:34:35.180,0.08,-0.16
2021-08-01 01:34:35.184,0.09,-0.145
2021-08-01 01:34:35.188,0.065,-0.135
2021-08-01 01:34:35.192,0.06,-0.13
2021-08-01 01:34:35.196,0.07,-0.13
2021-08-01 01:34:35.200,0.08,-0.135
2021-08-01 01:34:35.204,0.09,-0.12
2021-08-01 01:34:35.208,0.07,-0.13
2021-08-01 01:34:35.212,0.08,-0.13
2021-08-01 01:34:35.216,0.075,-0.155
2021-08-01 01:34:35.220,0.095,-0.15
2021-08-01 01:34:35.224,0.09,-0.05
2021-08-01 01:34:35.228,0.1,0.145
2021-08-01 01:34:35.232,0.135,0.42
2021-08-01 01:34:35.236,0.18,0.71
2021-08-01 01:34:35.240,0.255,0.855
2021-08-01 01:34:35.244,0.34,0.77
2021-08-01 01:34:35.248,0.43,0.515
2021-08-01 01:34:35.252,0.38,-0.01
2021-08-01 01:34:35.256,0.205,-0.525
2021-08-01 01:34:35.260,-0.02,-0.81
2021-08-01 01:34:35.264,-0.2,-0.835
2021-08-01 01:34:35.268,-0.285,-0.72
2021-08-01 01:34:35.272,-0.345,-0.58
2021-08-01 01:34:35.276,-0.315,-0.45
2021-08-01 01:34:35.280,-0.255,-0.295
2021-08-01 01:34:35.284,-0.175,-0.175
2021-08-01 01:34:35.288,-0.055,-0.16
2021-08-01 01:34:35.292,0.025,-0.16
2021-08-01 01:34:35.296,0.07,-0.18
2021-08-01 01:34:35.300,0.06,-0.19
2021-08-01 01:34:35.304,0.09,-0.195
2021-08-01 01:34:35.308,0.075,-0.19
2021-08-01 01:34:35.312,0.085,-0.185
2021-08-01 01:34:35.316,0.075,-0.19
2021-08-01 01:34:35.320,0.085,-0.205
2021-08-01 01:34:35.324,0.065,-0.2
2021-08-01 01:34:35.328,0.06,-0.18
2021-08-01 01:34:35.332,0.06,-0.2
2021-08-01 01:34:35.336,0.075,-0.205
2021-08-01 01:34:35.340,0.065,-0.2
2021-08-01 01:34:35.344,0.075,-0.195
2021-08-01 01:34:35.348,0.08,-0.21
2021-08-01 01:34:35.352,0.075,-0.225
2021-08-01 01:34:35.356,0.07,-0.22
2021-08-01 01:34:35.360,0.05,-0.215
2021-08-01 01:34:35.364,0.055,-0.21
2021-08-01 01:34:35.368,0.06,-0.195
2021-08-01 01:34:35.372,0.07,-0.225
2021-08-01 01:34:35.376,0.09,-0.21
2021-08-01 01:34:35.380,0.08,-0.2
2021-08-01 01:34:35.384,0.06,-0.205
2021-08-01 01:34:35.388,0.045,-0.215
2021-08-01 01:34:35.392,0.075,-0.205
2021-08-01 01:34:35.396,0.075,-0.2
2021-08-01 01:34:35.400,0.085,-0.19
2021-08-01 01:34:35.404,0.09,-0.17
2021-08-01 01:34:35.408,0.075,-0.16
2021-08-01 01:34:35.412,0.075,-0.16
2021-08-01 01:34:35.416,0.075,-0.175
2021-08-01 01:34:35.420,0.09,-0.155
2021-08-01 01:34:35.424,0.09,-0.13
2021-08-01 01:34:35.428,0.09,-0.13
2021-08-01 01:34:35.432,0.07,-0.125
2021-08-01 01:34:35.436,0.075,-0.11
2021-08-01 01:34:35.440,0.085,-0.095
2021-08-01 01:34:35.444,0.095,-0.085
2021-08-01 01:34:35.448,0.1,-0.065
2021-08-01 01:34:35.452,0.09,-0.065
2021-08-01 01:34:35.456,0.1,-0.035
2021-08-01 01:34:35.460,0.11,-0.02
2021-08-01 01:34:35.464,0.11,-0.005
2021-08-01 01:34:35.468,0.1,0.005
2021-08-01 01:34:35.472,0.115,0.015
2021-08-01 01:34:35.476,0.115,0.02
2021-08-01 01:34:35.480,0.115,0.035
2021-08-01 01:34:35.484,0.125,0.035
2021-08-01 01:34:35.488,0.125,0.045
2021-08-01 01:34:35.492,0.115,0.065
2021-08-01 01:34:35.496,0.12,0.05
2021-08-01 01:34:35.500,0.135,0.035
2021-08-01 01:34:35.504,0.135,0.04
2021-08-01 01:34:35.508,0.125,0.015
2021-08-01 01:34:35.512,0.13,0.0
2021-08-01 01:34:35.516,0.14,-0.02
2021-08-01 01:34:35.520,0.15,-0.025
2021-08-01 01:34:35.524,0.13,-0.03
2021-08-01 01:34:35.528,0.13,-0.055
2021-08-01 01:34:35.532,0.135,-0.065
2021-08-01 01:34:35.536,0.135,-0.075
2021-08-01 01:34:35.540,0.13,-0.085
2021-08-01 01:34:35.544,0.125,-0.08
2021-08-01 01:34:35.548,0.115,-0.1
2021-08-01 01:34:35.552,0.12,-0.105
2021-08-01 01:34:35.556,0.13,-0.12
2021-08-01 01:34:35.560,0.115,-0.095
2021-08-01 01:34:35.564,0.11,-0.095
2021-08-01 01:34:35.568,0.135,-0.1
2021-08-01 01:34:35.572,0.12,-0.105
2021-08-01 01:34:35.576,0.11,-0.1
2021-08-01 01:34:35.580,0.14,-0.105
2021-08-01 01:34:35.584,0.125,-0.105
2021-08-01 01:34:35.588,0.115,-0.11
2021-08-01 01:34:35.592,0.12,-0.11
2021-08-01 01:34:35.596,0.105,-0.125
2021-08-01 01:34:35.600,0.105,-0.1
2021-08-01 01:34:35.604,0.11,-0.105
2021-08-01 01:34:35.608,0.115,-0.1
2021-08-01 01:34:35.612,0.1,-0.115
2021-08-01 01:34:35.616,0.1,-0.115
2021-08-01 01:34:35.620,0.12,-0.12
2021-08-01 01:34:35.624,0.11,-0.115
2021-08-01 01:34:35.628,0.1,-0.11
2021-08-01 01:34:35.632,0.085,-0.135
2021-08-01 01:34:35.636,0.085,-0.13
2021-08-01 01:34:35.640,0.08,-0.12
2021-08-01 01:34:35.644,0.105,-0.15
2021-08-01 01:34:35.648,0.105,-0.13
2021-08-01 01:34:35.652,0.095,-0.135
2021-08-01 01:34:35.656,0.1,-0.12
2021-08-01 01:34:35.660,0.1,-0.125
2021-08-01 01:34:35.664,0.095,-0.135
2021-08-01 01:34:35.668,0.085,-0.14
2021-08-01 01:34:35.672,0.075,-0.15
2021-08-01 01:34:35.676,0.085,-0.14
2021-08-01 01:34:35.680,0.085,-0.15
2021-08-01 01:34:35.684,0.09,-0.125
2021-08-01 01:34:35.688,0.095,-0.145
2021-08-01 01:34:35.692,0.08,-0.155
2021-08-01 01:34:35.696,0.075,-0.14
2021-08-01 01:34:35.700,0.075,-0.135
2021-08-01 01:34:35.704,0.085,-0.15
2021-08-01 01:34:35.708,0.08,-0.16
2021-08-01 01:34:35.712,0.075,-0.175
2021-08-01 01:34:35.716,0.07,-0.17
2021-08-01 01:34:35.720,0.08,-0.16
2021-08-01 01:34:35.724,0.08,-0.17
2021-08-01 01:34:35.728,0.09,-0.16
2021-08-01 01:34:35.732,0.08,-0.16
2021-08-01 01:34:35.736,0.09,-0.16
2021-08-01 01:34:35.740,0.09,-0.16
2021-08-01 01:34:35.744,0.085,-0.165
2021-08-01 01:34:35.748,0.075,-0.16
2021-08-01 01:34:35.752,0.06,-0.18
2021-08-01 01:34:35.756,0.05,-0.16
2021-08-01 01:34:35.760,0.075,-0.145
2021-08-01 01:34:35.764,0.07,-0.17
2021-08-01 01:34:35.768,0.1,-0.17
2021-08-01 01:34:35.772,0.08,-0.155
2021-08-01 01:34:35.776,0.065,-0.155
2021-08-01 01:34:35.780,0.07,-0.165
2021-08-01 01:34:35.784,0.08,-0.155
2021-08-01 01:34:35.788,0.08,-0.155
2021-08-01 01:34:35.792,0.075,-0.175
2021-08-01 01:34:35.796,0.08,-0.175
2021-08-01 01:34:35.800,0.06,-0.17
2021-08-01 01:34:35.804,0.07,-0.16
2021-08-01 01:34:35.808,0.065,-0.175
2021-08-01 01:34:35.812,0.06,-0.17
2021-08-01 01:34:35.816,0.065,-0.14
2021-08-01 01:34:35.820,0.075,-0.155
2021-08-01 01:34:35.824,0.07,-0.18
2021-08-01 01:34:35.828,0.085,-0.16
2021-08-01 01:34:35.832,0.08,-0.17
2021-08-01 01:34:35.836,0.07,-0.155
2021-08-01 01:34:35.840,0.075,-0.15
2021-08-01 01:34:35.844,0.06,-0.17
2021-08-01 01:34:35.848,0.065,-0.18
2021-08-01 01:34:35.852,0.07,-0.16
2021-08-01 01:34:35.856,0.07,-0.165
2021-08-01 01:34:35.860,0.075,-0.17
2021-08-01 01:34:35.864,0.07,-0.17
2021-08-01 01:34:35.868,0.075,-0.175
2021-08-01 01:34:35.872,0.085,-0.155
2021-08-01 01:34:35.876,0.075,-0.15
2021-08-01 01:34:35.880,0.07,-0.13
2021-08-01 01:34:35.884,0.08,-0.11
2021-08-01 01:34:35.888,0.075,-0.1
2021-08-01 01:34:35.892,0.08,-0.075
2021-08-01 01:34:35.896,0.1,-0.06
2021-08-01 01:34:35.900,0.12,-0.025
2021-08-01 01:34:35.904,0.11,-0.02
2021-08-01 01:34:35.908,0.12,-0.025
2021-08-01 01:34:35.912,0.15,0.01
2021-08-01 01:34:35.916,0.165,0.04
2021-08-01 01:34:35.920,0.16,0.045
2021-08-01 01:34:35.924,0.15,0.04
2021-08-01 01:34:35.928,0.11,-0.01
2021-08-01 01:34:35.932,0.105,-0.065
2021-08-01 01:34:35.936,0.085,-0.09
2021-08-01 01:34:35.940,0.055,-0.115
2021-08-01 01:34:35.944,0.055,-0.14
2021-08-01 01:34:35.948,0.02,-0.155
2021-08-01 01:34:35.952,0.045,-0.14
2021-08-01 01:34:35.956,0.025,-0.12
2021-08-01 01:34:35.960,0.04,-0.11
2021-08-01 01:34:35.964,0.055,-0.12
2021-08-01 01:34:35.968,0.07,-0.17
2021-08-01 01:34:35.972,0.075,-0.175
2021-08-01 01:34:35.976,0.095,-0.2
2021-08-01 01:34:35.980,0.095,-0.195
2021-08-01 01:34:35.984,0.1,-0.21
2021-08-01 01:34:35.988,0.09,-0.24
2021-08-01 01:34:35.992,0.075,-0.25
2021-08-01 01:34:35.996,0.065,-0.255
2021-08-01 01:34:36.000,0.06,-0.265
2021-08-01 01:34:36.004,0.065,-0.255
2021-08-01 01:34:36.008,0.05,-0.25
2021-08-01 01:34:36.012,0.055,-0.26
2021-08-01 01:34:36.016,0.075,-0.265
2021-08-01 01:34:36.020,0.075,-0.245
2021-08-01 01:34:36.024,0.07,-0.25
2021-08-01 01:34:36.028,0.065,-0.275
2021-08-01 01:34:36.032,0.065,-0.275
2021-08-01 01:34:36.036,0.09,-0.26
2021-08-01 01:34:36.040,0.065,-0.25
2021-08-01 01:34:36.044,0.08,-0.265
2021-08-01 01:34:36.048,0.075,-0.245
2021-08-01 01:34:36.052,0.085,-0.185
2021-08-01 01:34:36.056,0.11,-0.01
2021-08-01 01:34:36.060,0.15,0.255
2021-08-01 01:34:36.064,0.165,0.5
2021-08-01 01:34:36.068,0.25,0.675
2021-08-01 01:34:36.072,0.33,0.725
2021-08-01 01:34:36.076,0.39,0.675
2021-08-01 01:34:36.080,0.36,0.515
2021-08-01 01:34:36.084,0.29,0.07
2021-08-01 01:34:36.088,0.23,-0.47
2021-08-01 01:34:36.092,0.065,-0.76
2021-08-01 01:34:36.096,-0.145,-0.87
2021-08-01 01:34:36.100,-0.285,-0.805
2021-08-01 01:34:36.104,-0.345,-0.665
2021-08-01 01:34:36.108,-0.32,-0.56
2021-08-01 01:34:36.112,-0.275,-0.445
2021-08-01 01:34:36.116,-0.18,-0.335
2021-08-01 01:34:36.120,-0.07,-0.295
2021-08-01 01:34:36.124,0.0,-0.285
2021-08-01 01:34:36.128,0.03,-0.29
2021-08-01 01:34:36.132,0.075,-0.28
2021-08-01 01:34:36.136,0.06,-0.275
2021-08-01 01:34:36.140,0.065,-0.275
2021-08-01 01:34:36.144,0.065,-0.305
2021-08-01 01:34:36.148,0.065,-0.305
2021-08-01 01:34:36.152,0.065,-0.29
2021-08-01 01:34:36.156,0.08,-0.26
2021-08-01 01:34:36.160,0.075,-0.26
2021-08-01 01:34:36.164,0.085,-0.275
2021-08-01 01:34:36.168,0.09,-0.265
2021-08-01 01:34:36.172,0.07,-0.27
2021-08-01 01:34:36.176,0.06,-0.265
2021-08-01 01:34:36.180,0.075,-0.25
2021-08-01 01:34:36.184,0.065,-0.25
2021-08-01 01:34:36.188,0.07,-0.26
2021-08-01 01:34:36.192,0.08,-0.24
2021-08-01 01:34:36.196,0.08,-0.225
2021-08-01 01:34:36.200,0.065,-0.24
2021-08-01 01:34:36.204,0.065,-0.23
2021-08-01 01:34:36.208,0.085,-0.235
2021-08-01 01:34:36.212,0.075,-0.2
2021-08-01 01:34:36.216,0.09,-0.215
2021-08-01 01:34:36.220,0.1,-0.2
2021-08-01 01:34:36.224,0.075,-0.215
2021-08-01 01:34:36.228,0.095,-0.205
2021-08-01 01:34:36.232,0.095,-0.185
2021-08-01 01:34:36.236,0.095,-0.165
2021-08-01 01:34:36.240,0.075,-0.185
2021-08-01 01:34:36.244,0.085,-0.185
2021-08-01 01:34:36.248,0.085,-0.185
2021-08-01 01:34:36.252,0.075,-0.165
2021-08-01 01:34:36.256,0.065,-0.17
2021-08-01 01:34:36.260,0.09,-0.165
2021-08-01 01:34:36.264,0.1,-0.17
2021-08-01 01:34:36.268,0.085,-0.155
2021-08-01 01:34:36.272,0.115,-0.145
2021-08-01 01:34:36.276,0.11,-0.115
2021-08-01 01:34:36.280,0.095,-0.125
2021-08-01 01:34:36.284,0.075,-0.125
2021-08-01 01:34:36.288,0.095,-0.1
2021-08-01 01:34:36.292,0.11,-0.09
2021-08-01 01:34:36.296,0.13,-0.08
2021-08-01 01:34:36.300,0.125,-0.08
2021-08-01 01:34:36.304,0.115,-0.09
2021-08-01 01:34:36.308,0.12,-0.075
2021-08-01 01:34:36.312,0.115,-0.065
2021-08-01 01:34:36.316,0.115,-0.055
2021-08-01 01:34:36.320,0.125,-0.075
2021-08-01 01:34:36.324,0.12,-0.045
2021-08-01 01:34:36.328,0.105,-0.04
2021-08-01 01:34:36.332,0.1,-0.02
2021-08-01 01:34:36.336,0.12,-0.015
2021-08-01 01:34:36.340,0.115,-0.01
2021-08-01 01:34:36.344,0.125,-0.02
2021-08-01 01:34:36.348,0.13,0.005
2021-08-01 01:34:36.352,0.11,0.015
2021-08-01 01:34:36.356,0.11,0.03
2021-08-01 01:34:36.360,0.125,0.03
2021-08-01 01:34:36.364,0.12,0.035
2021-08-01 01:34:36.368,0.12,0.03
2021-08-01 01:34:36.372,0.13,0.035
2021-08-01 01:34:36.376,0.15,0.02
2021-08-01 01:34:36.380,0.115,0.01
2021-08-01 01:34:36.384,0.135,0.005
2021-08-01 01:34:36.388,0.13,0.01
2021-08-01 01:34:36.392,0.13,-0.01
2021-08-01 01:34:36.396,0.135,-0.03
2021-08-01 01:34:36.400,0.14,-0.045
2021-08-01 01:34:36.404,0.11,-0.045
2021-08-01 01:34:36.408,0.125,-0.05
2021-08-01 01:34:36.412,0.12,-0.045
2021-08-01 01:34:36.416,0.13,-0.06
2021-08-01 01:34:36.420,0.11,-0.065
2021-08-01 01:34:36.424,0.105,-0.075
2021-08-01 01:34:36.428,0.105,-0.07
2021-08-01 01:34:36.432,0.1,-0.065
2021-08-01 01:34:36.436,0.09,-0.06
2021-08-01 01:34:36.440,0.095,-0.065
2021-08-01 01:34:36.444,0.095,-0.045
2021-08-01 01:34:36.448,0.1,-0.05
2021-08-01 01:34:36.452,0.095,-0.06
2021-08-01 01:34:36.456,0.105,-0.065
2021-08-01 01:34:36.460,0.1,-0.08
2021-08-01 01:34:36.464,0.1,-0.08
2021-08-01 01:34:36.468,0.095,-0.055
2021-08-01 01:34:36.472,0.095,-0.06
2021-08-01 01:34:36.476,0.105,-0.065
2021-08-01 01:34:36.480,0.12,-0.065
2021-08-01 01:34:36.484,0.1,-0.06
2021-08-01 01:34:36.488,0.1,-0.06
2021-08-01 01:34:36.492,0.1,-0.065
2021-08-01 01:34:36.496,0.095,-0.07
2021-08-01 01:34:36.500,0.095,-0.07
2021-08-01 01:34:36.504,0.11,-0.08
2021-08-01 01:34:36.508,0.1,-0.09
2021-08-01 01:34:36.512,0.105,-0.09
2021-08-01 01:34:36.516,0.105,-0.1
2021-08-01 01:34:36.520,0.095,-0.12
2021-08-01 01:34:36.524,0.09,-0.115
2021-08-01 01:34:36.528,0.075,-0.1
2021-08-01 01:34:36.532,0.085,-0.105
2021-08-01 01:34:36.536,0.09,-0.105
2021-08-01 01:34:36.540,0.1,-0.09
2021-08-01 01:34:36.544,0.085,-0.11
2021-08-01 01:34:36.548,0.085,-0.13
2021-08-01 01:34:36.552,0.075,-0.12
2021-08-01 01:34:36.556,0.06,-0.12
2021-08-01 01:34:36.560,0.065,-0.135
2021-08-01 01:34:36.564,0.08,-0.13
2021-08-01 01:34:36.568,0.095,-0.11
2021-08-01 01:34:36.572,0.065,-0.075
2021-08-01 01:34:36.576,0.09,-0.045
2021-08-01 01:34:36.580,0.105,-0.02
2021-08-01 01:34:36.584,0.115,0.01
2021-08-01 01:34:36.588,0.125,0.025
2021-08-01 01:34:36.592,0.155,0.02
2021-08-01 01:34:36.596,0.13,0.02
2021-08-01 01:34:36.600,0.14,0.05
2021-08-01 01:34:36.604,0.155,0.065
2021-08-01 01:34:36.608,0.16,0.065
2021-08-01 01:34:36.612,0.13,0.015
2021-08-01 01:34:36.616,0.105,-0.02
2021-08-01 01:34:36.620,0.08,-0.065
2021-08-01 01:34:36.624,0.04,-0.1
2021-08-01 01:34:36.628,0.03,-0.105
2021-08-01 01:34:36.632,0.02,-0.115
2021-08-01 01:34:36.636,-0.005,-0.11
2021-08-01 01:34:36.640,0.0,-0.13
2021-08-01 01:34:36.644,0.02,-0.12
2021-08-01 01:34:36.648,0.025,-0.11
2021-08-01 01:34:36.652,0.045,-0.14
2021-08-01 01:34:36.656,0.05,-0.15
2021-08-01 01:34:36.660,0.055,-0.18
2021-08-01 01:34:36.664,0.07,-0.2
2021-08-01 01:34:36.668,0.085,-0.225
2021-08-01 01:34:36.672,0.07,-0.23
2021-08-01 01:34:36.676,0.04,-0.235
2021-08-01 01:34:36.680,0.055,-0.225
2021-08-01 01:34:36.684,0.05,-0.23
2021-08-01 01:34:36.688,0.04,-0.215
2021-08-01 01:34:36.692,0.045,-0.225
2021-08-01 01:34:36.696,0.045,-0.24
2021-08-01 01:34:36.700,0.025,-0.245
2021-08-01 01:34:36.704,0.035,-0.225
2021-08-01 01:34:36.708,0.03,-0.225
2021-08-01 01:34:36.712,0.04,-0.215
2021-08-01 01:34:36.716,0.045,-0.23
2021-08-01 01:34:36.720,0.025,-0.245
2021-08-01 01:34:36.724,0.035,-0.245
2021-08-01 01:34:36.728,0.035,-0.24
2021-08-01 01:34:36.732,0.02,-0.24
2021-08-01 01:34:36.736,0.025,-0.25
2021-08-01 01:34:36.740,0.025,-0.18
2021-08-01 01:34:36.744,0.065,-0.035
2021-08-01 01:34:36.748,0.07,0.17
2021-08-01 01:34:36.752,0.085,0.43
2021-08-01 01:34:36.756,0.11,0.625
2021-08-01 01:34:36.760,0.205,0.65
2021-08-01 01:34:36.764,0.305,0.615
2021-08-01 01:34:36.768,0.34,0.485
2021-08-01 01:34:36.772,0.31,0.04
2021-08-01 01:34:36.776,0.295,-0.495
2021-08-01 01:34:36.780,0.195,-0.765
2021-08-01 01:34:36.784,-0.015,-0.845
2021-08-01 01:34:36.788,-0.19,-0.83
2021-08-01 01:34:36.792,-0.28,-0.765
2021-08-01 01:34:36.796,-0.3,-0.64
2021-08-01 01:34:36.800,-0.28,-0.5
2021-08-01 01:34:36.804,-0.235,-0.39
2021-08-01 01:34:36.808,-0.16,-0.295
2021-08-01 01:34:36.812,-0.075,-0.265
2021-08-01 01:34:36.816,-0.035,-0.29
2021-08-01 01:34:36.820,0.0,-0.26
2021-08-01 01:34:36.824,-0.005,-0.245
2021-08-01 01:34:36.828,0.0,-0.245
2021-08-01 01:34:36.832,0.02,-0.245
2021-08-01 01:34:36.836,0.005,-0.265
2021-08-01 01:34:36.840,0.0,-0.26
2021-08-01 01:34:36.844,0.005,-0.255
2021-08-01 01:34:36.848,0.02,-0.27
2021-08-01 01:34:36.852,0.0,-0.24
2021-08-01 01:34:36.856,0.005,-0.24
2021-08-01 01:34:36.860,0.025,-0.26
2021-08-01 01:34:36.864,0.0,-0.225
2021-08-01 01:34:36.868,0.01,-0.265
2021-08-01 01:34:36.872,0.02,-0.26
2021-08-01 01:34:36.876,0.0,-0.265
2021-08-01 01:34:36.880,0.0,-0.265
2021-08-01 01:34:36.884,0.01,-0.265
2021-08-01 01:34:36.888,0.015,-0.255
2021-08-01 01:34:36.892,0.025,-0.235
2021-08-01 01:34:36.896,0.01,-0.235
2021-08-01 01:34:36.900,0.0,-0.255
2021-08-01 01:34:36.904,0.005,-0.27
2021-08-01 01:34:36.908,0.005,-0.225
2021-08-01 01:34:36.912,0.0,-0.215
2021-08-01 01:34:36.916,0.02,-0.245
2021-08-01 01:34:36.920,0.0,-0.25
2021-08-01 01:34:36.924,0.015,-0.24
2021-08-01 01:34:36.928,0.015,-0.215
2021-08-01 01:34:36.932,0.025,-0.195
2021-08-01 01:34:36.936,-0.005,-0.205
2021-08-01 01:34:36.940,0.0,-0.215
2021-08-01 01:34:36.944,0.01,-0.2
2021-08-01 01:34:36.948,0.005,-0.19
2021-08-01 01:34:36.952,0.0,-0.18
2021-08-01 01:34:36.956,0.02,-0.195
2021-08-01 01:34:36.960,0.015,-0.205
2021-08-01 01:34:36.964,0.015,-0.19
2021-08-01 01:34:36.968,0.0,-0.165
2021-08-01 01:34:36.972,0.015,-0.15
2021-08-01 01:34:36.976,0.01,-0.165
2021-08-01 01:34:36.980,0.0,-0.17
2021-08-01 01:34:36.984,0.02,-0.165
2021-08-01 01:34:36.988,0.01,-0.145
2021-08-01 01:34:36.992,0.015,-0.145
2021-08-01 01:34:36.996,0.01,-0.14
2021-08-01 01:34:37.000,0.015,-0.135
2021-08-01 01:34:37.004,0.01,-0.125
2021-08-01 01:34:37.008,0.01,-0.09
2021-08-01 01:34:37.012,0.02,-0.085
2021-08-01 01:34:37.016,0.015,-0.09
2021-08-01 01:34:37.020,0.03,-0.1
2021-08-01 01:34:37.024,0.035,-0.06
2021-08-01 01:34:37.028,0.035,-0.05
2021-08-01 01:34:37.032,0.015,-0.04
2021-08-01 01:34:37.036,0.02,-0.05
2021-08-01 01:34:37.040,0.03,-0.025
2021-08-01 01:34:37.044,0.025,-0.01
2021-08-01 01:34:37.048,0.025,-0.015
2021-08-01 01:34:37.052,0.065,-0.025
2021-08-01 01:34:37.056,0.07,-0.04
2021-08-01 01:34:37.060,0.06,-0.05
2021-08-01 01:34:37.064,0.07,-0.055
2021-08-01 01:34:37.068,0.08,-0.065
2021-08-01 01:34:37.072,0.055,-0.075
2021-08-01 01:34:37.076,0.07,-0.095
2021-08-01 01:34:37.080,0.07,-0.085
2021-08-01 01:34:37.084,0.055,-0.085
2021-08-01 01:34:37.088,0.075,-0.1
2021-08-01 01:34:37.092,0.075,-0.105
2021-08-01 01:34:37.096,0.075,-0.105
2021-08-01 01:34:37.100,0.065,-0.105
2021-08-01 01:34:37.104,0.09,-0.09
2021-08-01 01:34:37.108,0.08,-0.095
2021-08-01 01:34:37.112,0.075,-0.09
2021-08-01 01:34:37.116,0.08,-0.1
2021-08-01 01:34:37.120,0.085,-0.075
2021-08-01 01:34:37.124,0.08,-0.095
2021-08-01 01:34:37.128,0.08,-0.1
2021-08-01 01:34:37.132,0.08,-0.095
2021-08-01 01:34:37.136,0.075,-0.095
2021-08-01 01:34:37.140,0.07,-0.08
2021-08-01 01:34:37.144,0.065,-0.095
2021-08-01 01:34:37.148,0.075,-0.09
2021-08-01 01:34:37.152,0.07,-0.08
2021-08-01 01:34:37.156,0.075,-0.085
2021-08-01 01:34:37.160,0.085,-0.075
2021-08-01 01:34:37.164,0.085,-0.08
2021-08-01 01:34:37.168,0.085,-0.115
2021-08-01 01:34:37.172,0.09,-0.105
2021-08-01 01:34:37.176,0.075,-0.1
2021-08-01 01:34:37.180,0.065,-0.085
2021-08-01 01:34:37.184,0.08,-0.085
2021-08-01 01:34:37.188,0.085,-0.095
2021-08-01 01:34:37.192,0.055,-0.115
2021-08-01 01:34:37.196,0.07,-0.115
2021-08-01 01:34:37.200,0.06,-0.125
2021-08-01 01:34:37.204,0.07,-0.11
2021-08-01 01:34:37.208,0.07,-0.115
2021-08-01 01:34:37.212,0.075,-0.12
2021-08-01 01:34:37.216,0.075,-0.115
2021-08-01 01:34:37.220,0.075,-0.12
2021-08-01 01:34:37.224,0.07,-0.12
2021-08-01 01:34:37.228,0.07,-0.135
2021-08-01 01:34:37.232,0.06,-0.12
2021-08-01 01:34:37.236,0.075,-0.14
2021-08-01 01:34:37.240,0.07,-0.1
2021-08-01 01:34:37.244,0.06,-0.08
2021-08-01 01:34:37.248,0.075,-0.065
2021-08-01 01:34:37.252,0.09,-0.045
2021-08-01 01:34:37.256,0.09,-0.005
2021-08-01 01:34:37.260,0.115,0.03
2021-08-01 01:34:37.264,0.11,0.01
2021-08-01 01:34:37.268,0.155,0.02
2021-08-01 01:34:37.272,0.14,0.035
2021-08-01 01:34:37.276,0.175,0.055
2021-08-01 01:34:37.280,0.185,0.095
2021-08-01 01:34:37.284,0.18,0.1
2021-08-01 01:34:37.288,0.155,0.065
2021-08-01 01:34:37.292,0.115,0.0
2021-08-01 01:34:37.296,0.105,-0.06
2021-08-01 01:34:37.300,0.08,-0.11
2021-08-01 01:34:37.304,0.055,-0.13
2021-08-01 01:34:37.308,0.03,-0.15
2021-08-01 01:34:37.312,0.02,-0.12
2021-08-01 01:34:37.316,0.01,-0.1
2021-08-01 01:34:37.320,0.025,-0.115
2021-08-01 01:34:37.324,0.055,-0.125
2021-08-01 01:34:37.328,0.055,-0.145
2021-08-01 01:34:37.332,0.075,-0.165
2021-08-01 01:34:37.336,0.085,-0.16
2021-08-01 01:34:37.340,0.085,-0.16
2021-08-01 01:34:37.344,0.1,-0.2
2021-08-01 01:34:37.348,0.08,-0.22
2021-08-01 01:34:37.352,0.08,-0.235
2021-08-01 01:34:37.356,0.055,-0.215
2021-08-01 01:34:37.360,0.06,-0.215
2021-08-01 01:34:37.364,0.07,-0.23
2021-08-01 01:34:37.368,0.05,-0.225
2021-08-01 01:34:37.372,0.05,-0.23
2021-08-01 01:34:37.376,0.045,-0.24
2021-08-01 01:34:37.380,0.065,-0.24
2021-08-01 01:34:37.384,0.075,-0.23
2021-08-01 01:34:37.388,0.055,-0.235
2021-08-01 01:34:37.392,0.075,-0.235
2021-08-01 01:34:37.396,0.075,-0.22
2021-08-01 01:34:37.400,0.06,-0.225
2021-08-01 01:34:37.404,0.055,-0.23
2021-08-01 01:34:37.408,0.065,-0.27
2021-08-01 01:34:37.412,0.06,-0.275
2021-08-01 01:34:37.416,0.055,-0.24
2021-08-01 01:34:37.420,0.085,-0.105
2021-08-01 01:34:37.424,0.09,0.105
2021-08-01 01:34:37.428,0.11,0.355
2021-08-01 01:34:37.432,0.145,0.575
2021-08-01 01:34:37.436,0.24,0.65
2021-08-01 01:34:37.440,0.315,0.68
2021-08-01 01:34:37.444,0.385,0.575
2021-08-01 01:34:37.448,0.375,0.23
2021-08-01 01:34:37.452,0.34,-0.32
2021-08-01 01:34:37.456,0.275,-0.68
2021-08-01 01:34:37.460,0.1,-0.825
2021-08-01 01:34:37.464,-0.09,-0.825
2021-08-01 01:34:37.468,-0.205,-0.78
2021-08-01 01:34:37.472,-0.24,-0.685
2021-08-01 01:34:37.476,-0.25,-0.555
2021-08-01 01:34:37.480,-0.22,-0.44
2021-08-01 01:34:37.484,-0.16,-0.335
2021-08-01 01:34:37.488,-0.08,-0.27
2021-08-01 01:34:37.492,-0.01,-0.26
2021-08-01 01:34:37.496,0.025,-0.265
2021-08-01 01:34:37.500,0.065,-0.28
2021-08-01 01:34:37.504,0.065,-0.285
2021-08-01 01:34:37.508,0.065,-0.28
2021-08-01 01:34:37.512,0.06,-0.28
2021-08-01 01:34:37.516,0.045,-0.275
2021-08-01 01:34:37.520,0.055,-0.275
2021-08-01 01:34:37.524,0.07,-0.26
2021-08-01 01:34:37.528,0.055,-0.275
2021-08-01 01:34:37.532,0.055,-0.26
2021-08-01 01:34:37.536,0.05,-0.275
2021-08-01 01:34:37.540,0.05,-0.28
2021-08-01 01:34:37.544,0.045,-0.25
2021-08-01 01:34:37.548,0.045,-0.255
2021-08-01 01:34:37.552,0.03,-0.27
2021-08-01 01:34:37.556,0.045,-0.28
2021-08-01 01:34:37.560,0.045,-0.255
2021-08-01 01:34:37.564,0.06,-0.26
2021-08-01 01:34:37.568,0.045,-0.26
2021-08-01 01:34:37.572,0.055,-0.255
2021-08-01 01:34:37.576,0.04,-0.25
2021-08-01 01:34:37.580,0.04,-0.25
2021-08-01 01:34:37.584,0.045,-0.25
2021-08-01 01:34:37.588,0.015,-0.235
2021-08-01 01:34:37.592,0.03,-0.245
2021-08-01 01:34:37.596,0.045,-0.23
2021-08-01 01:34:37.600,0.035,-0.23
2021-08-01 01:34:37.604,0.045,-0.22
2021-08-01 01:34:37.608,0.045,-0.225
2021-08-01 01:34:37.612,0.03,-0.235
2021-08-01 01:34:37.616,0.04,-0.2
2021-08-01 01:34:37.620,0.055,-0.21
2021-08-01 01:34:37.624,0.04,-0.205
2021-08-01 01:34:37.628,0.03,-0.195
2021-08-01 01:34:37.632,0.05,-0.195
2021-08-01 01:34:37.636,0.045,-0.19
2021-08-01 01:34:37.640,0.065,-0.19
2021-08-01 01:34:37.644,0.06,-0.18
2021-08-01 01:34:37.648,0.055,-0.18
2021-08-01 01:34:37.652,0.05,-0.16
2021-08-01 01:34:37.656,0.035,-0.16
2021-08-01 01:34:37.660,0.05,-0.16
2021-08-01 01:34:37.664,0.06,-0.15
2021-08-01 01:34:37.668,0.045,-0.155
2021-08-01 01:34:37.672,0.055,-0.165
2021-08-01 01:34:37.676,0.055,-0.14
2021-08-01 01:34:37.680,0.045,-0.12
2021-08-01 01:34:37.684,0.045,-0.125
2021-08-01 01:34:37.688,0.055,-0.13
2021-08-01 01:34:37.692,0.05,-0.125
2021-08-01 01:34:37.696,0.045,-0.09
2021-08-01 01:34:37.700,0.07,-0.08
2021-08-01 01:34:37.704,0.045,-0.085
2021-08-01 01:34:37.708,0.05,-0.08
2021-08-01 01:34:37.712,0.06,-0.07
2021-08-01 01:34:37.716,0.07,-0.07
2021-08-01 01:34:37.720,0.055,-0.06
2021-08-01 01:34:37.724,0.045,-0.075
2021-08-01 01:34:37.728,0.07,-0.09
2021-08-01 01:34:37.732,0.085,-0.08
2021-08-01 01:34:37.736,0.07,-0.1
2021-08-01 01:34:37.740,0.065,-0.11
2021-08-01 01:34:37.744,0.07,-0.125
2021-08-01 01:34:37.748,0.065,-0.125
2021-08-01 01:34:37.752,0.05,-0.135
2021-08-01 01:34:37.756,0.07,-0.14
2021-08-01 01:34:37.760,0.07,-0.14
2021-08-01 01:34:37.764,0.065,-0.14
2021-08-01 01:34:37.768,0.07,-0.16
2021-08-01 01:34:37.772,0.065,-0.14
2021-08-01 01:34:37.776,0.04,-0.13
2021-08-01 01:34:37.780,0.05,-0.135
2021-08-01 01:34:37.784,0.065,-0.14
2021-08-01 01:34:37.788,0.04,-0.13
2021-08-01 01:34:37.792,0.07,-0.115
2021-08-01 01:34:37.796,0.06,-0.13
2021-08-01 01:34:37.800,0.05,-0.135
2021-08-01 01:34:37.804,0.05,-0.14
2021-08-01 01:34:37.808,0.055,-0.14
2021-08-01 01:34:37.812,0.055,-0.135
2021-08-01 01:34:37.816,0.06,-0.13
2021-08-01 01:34:37.820,0.045,-0.13
2021-08-01 01:34:37.824,0.055,-0.135
2021-08-01 01:34:37.828,0.07,-0.135
2021-08-01 01:34:37.832,0.04,-0.125
2021-08-01 01:34:37.836,0.045,-0.12
2021-08-01 01:34:37.840,0.06,-0.13
2021-08-01 01:34:37.844,0.06,-0.135
2021-08-01 01:34:37.848,0.055,-0.15
2021-08-01 01:34:37.852,0.055,-0.12
2021-08-01 01:34:37.856,0.05,-0.115
2021-08-01 01:34:37.860,0.05,-0.13
2021-08-01 01:34:37.864,0.055,-0.145
2021-08-01 01:34:37.868,0.045,-0.14
2021-08-01 01:34:37.872,0.055,-0.15
2021-08-01 01:34:37.876,0.055,-0.145
2021-08-01 01:34:37.880,0.06,-0.15
2021-08-01 01:34:37.884,0.05,-0.155
2021-08-01 01:34:37.888,0.035,-0.155
2021-08-01 01:34:37.892,0.05,-0.155
2021-08-01 01:34:37.896,0.05,-0.145
2021-08-01 01:34:37.900,0.055,-0.155
2021-08-01 01:34:37.904,0.04,-0.175
2021-08-01 01:34:37.908,0.05,-0.16
2021-08-01 01:34:37.912,0.05,-0.155
2021-08-01 01:34:37.916,0.04,-0.135
2021-08-01 01:34:37.920,0.04,-0.135
2021-08-01 01:34:37.924,0.07,-0.125
2021-08-01 01:34:37.928,0.055,-0.08
2021-08-01 01:34:37.932,0.05,-0.085
2021-08-01 01:34:37.936,0.1,-0.045
2021-08-01 01:34:37.940,0.1,-0.01
2021-08-01 01:34:37.944,0.105,-0.015
2021-08-01 01:34:37.948,0.11,-0.02
2021-08-01 01:34:37.952,0.135,0.01
2021-08-01 01:34:37.956,0.135,0.035
2021-08-01 01:34:37.960,0.12,0.035
2021-08-01 01:34:37.964,0.12,0.0
2021-08-01 01:34:37.968,0.075,-0.055
2021-08-01 01:34:37.972,0.075,-0.095
2021-08-01 01:34:37.976,0.045,-0.14
2021-08-01 01:34:37.980,0.01,-0.175
2021-08-01 01:34:37.984,-0.02,-0.175
2021-08-01 01:34:37.988,-0.01,-0.175
2021-08-01 01:34:37.992,-0.01,-0.155
2021-08-01 01:34:37.996,-0.015,-0.14
2021-08-01 01:34:38.000,-0.02,-0.145
2021-08-01 01:34:38.004,0.015,-0.17
2021-08-01 01:34:38.008,0.03,-0.185
2021-08-01 01:34:38.012,0.04,-0.205
2021-08-01 01:34:38.016,0.045,-0.22
2021-08-01 01:34:38.020,0.075,-0.23
2021-08-01 01:34:38.024,0.05,-0.24
2021-08-01 01:34:38.028,0.05,-0.265
2021-08-01 01:34:38.032,0.05,-0.26
2021-08-01 01:34:38.036,0.03,-0.265
2021-08-01 01:34:38.040,0.01,-0.285
2021-08-01 01:34:38.044,0.025,-0.29
2021-08-01 01:34:38.048,0.03,-0.27
2021-08-01 01:34:38.052,0.03,-0.275
2021-08-01 01:34:38.056,0.04,-0.27
2021-08-01 01:34:38.060,0.04,-0.275
2021-08-01 01:34:38.064,0.035,-0.275
2021-08-01 01:34:38.068,0.02,-0.275
2021-08-01 01:34:38.072,0.025,-0.27
2021-08-01 01:34:38.076,0.035,-0.275
2021-08-01 01:34:38.080,0.03,-0.28
2021-08-01 01:34:38.084,0.05,-0.3
2021-08-01 01:34:38.088,0.055,-0.31
2021-08-01 01:34:38.092,0.055,-0.26
2021-08-01 01:34:38.096,0.065,-0.12
2021-08-01 01:34:38.100,0.1,0.1
2021-08-01 01:34:38.104,0.1,0.355
2021-08-01 01:34:38.108,0.16,0.565
2021-08-01 01:34:38.112,0.25,0.665
2021-08-01 01:34:38.116,0.32,0.645
2021-08-01 01:34:38.120,0.345,0.55
2021-08-01 01:34:38.124,0.3,0.12
2021-08-01 01:34:38.128,0.235,-0.425
2021-08-01 01:34:38.132,0.115,-0.74
2021-08-01 01:34:38.136,-0.065,-0.84
2021-08-01 01:34:38.140,-0.24,-0.83
2021-08-01 01:34:38.144,-0.31,-0.72
2021-08-01 01:34:38.148,-0.31,-0.59
2021-08-01 01:34:38.152,-0.275,-0.47
2021-08-01 01:34:38.156,-0.21,-0.355
2021-08-01 01:34:38.160,-0.115,-0.3
2021-08-01 01:34:38.164,-0.045,-0.31
2021-08-01 01:34:38.168,0.03,-0.295
2021-08-01 01:34:38.172,0.03,-0.285
2021-08-01 01:34:38.176,0.05,-0.275
2021-08-01 01:34:38.180,0.055,-0.285
2021-08-01 01:34:38.184,0.055,-0.29
2021-08-01 01:34:38.188,0.045,-0.285
2021-08-01 01:34:38.192,0.05,-0.27
2021-08-01 01:34:38.196,0.045,-0.28
2021-08-01 01:34:38.200,0.035,-0.28
2021-08-01 01:34:38.204,0.035,-0.29
2021-08-01 01:34:38.208,0.055,-0.285
2021-08-01 01:34:38.212,0.05,-0.29
2021-08-01 01:34:38.216,0.05,-0.27
2021-08-01 01:34:38.220,0.055,-0.275
2021-08-01 01:34:38.224,0.055,-0.27
2021-08-01 01:34:38.228,0.055,-0.25
2021-08-01 01:34:38.232,0.05,-0.26
2021-08-01 01:34:38.236,0.05,-0.255
2021-08-01 01:34:38.240,0.04,-0.255
2021-08-01 01:34:38.244,0.035,-0.25
2021-08-01 01:34:38.248,0.04,-0.245
2021-08-01 01:34:38.252,0.045,-0.235
2021-08-01 01:34:38.256,0.045,-0.23
2021-08-01 01:34:38.260,0.045,-0.24
2021-08-01 01:34:38.264,0.05,-0.225
2021-08-01 01:34:38.268,0.055,-0.225
2021-08-01 01:34:38.272,0.055,-0.215
2021-08-01 01:34:38.276,0.06,-0.215
2021-08-01 01:34:38.280,0.065,-0.19
2021-08-01 01:34:38.284,0.055,-0.205
2021-08-01 01:34:38.288,0.06,-0.19
2021-08-01 01:34:38.292,0.06,-0.18
2021-08-01 01:34:38.296,0.065,-0.175
2021-08-01 01:34:38.300,0.06,-0.18
2021-08-01 01:34:38.304,0.07,-0.18
2021-08-01 01:34:38.308,0.06,-0.155
2021-08-01 01:34:38.312,0.06,-0.145
2021-08-01 01:34:38.316,0.055,-0.14
2021-08-01 01:34:38.320,0.06,-0.125
2021-08-01 01:34:38.324,0.065,-0.145
2021-08-01 01:34:38.328,0.075,-0.105
2021-08-01 01:34:38.332,0.08,-0.12
2021-08-01 01:34:38.336,0.065,-0.115
2021-08-01 01:34:38.340,0.08,-0.115
2021-08-01 01:34:38.344,0.095,-0.095
2021-08-01 01:34:38.348,0.055,-0.065
2021-08-01 01:34:38.352,0.065,-0.085
2021-08-01 01:34:38.356,0.085,-0.09
2021-08-01 01:34:38.360,0.09,-0.07
2021-08-01 01:34:38.364,0.075,-0.085
2021-08-01 01:34:38.368,0.085,-0.075
2021-08-01 01:34:38.372,0.09,-0.05
2021-08-01 01:34:38.376,0.085,-0.025
2021-08-01 01:34:38.380,0.085,-0.015
2021-08-01 01:34:38.384,0.095,-0.04
2021-08-01 01:34:38.388,0.095,-0.02
2021-08-01 01:34:38.392,0.08,-0.01
2021-08-01 01:34:38.396,0.105,-0.04
2021-08-01 01:34:38.400,0.09,-0.045
2021-08-01 01:34:38.404,0.1,-0.035
2021-08-01 01:34:38.408,0.12,-0.05
2021-08-01 01:34:38.412,0.095,-0.05
2021-08-01 01:34:38.416,0.085,-0.075
2021-08-01 01:34:38.420,0.09,-0.1
2021-08-01 01:34:38.424,0.08,-0.105
2021-08-01 01:34:38.428,0.085,-0.1
2021-08-01 01:34:38.432,0.095,-0.11
2021-08-01 01:34:38.436,0.095,-0.105
2021-08-01 01:34:38.440,0.09,-0.115
2021-08-01 01:34:38.444,0.075,-0.115
2021-08-01 01:34:38.448,0.08,-0.11
2021-08-01 01:34:38.452,0.09,-0.115
2021-08-01 01:34:38.456,0.08,-0.115
2021-08-01 01:34:38.460,0.065,-0.12
2021-08-01 01:34:38.464,0.07,-0.125
2021-08-01 01:34:38.468,0.085,-0.11
2021-08-01 01:34:38.472,0.08,-0.1
2021-08-01 01:34:38.476,0.06,-0.1
2021-08-01 01:34:38.480,0.08,-0.105
2021-08-01 01:34:38.484,0.08,-0.11
2021-08-01 01:34:38.488,0.085,-0.115
2021-08-01 01:34:38.492,0.075,-0.1
2021-08-01 01:34:38.496,0.075,-0.11
2021-08-01 01:34:38.500,0.085,-0.115
2021-08-01 01:34:38.504,0.085,-0.11
2021-08-01 01:34:38.508,0.065,-0.115
2021-08-01 01:34:38.512,0.08,-0.12
2021-08-01 01:34:38.516,0.065,-0.125
2021-08-01 01:34:38.520,0.065,-0.135
2021-08-01 01:34:38.524,0.075,-0.135
2021-08-01 01:34:38.528,0.065,-0.11
2021-08-01 01:34:38.532,0.075,-0.12
2021-08-01 01:34:38.536,0.075,-0.115
2021-08-01 01:34:38.540,0.07,-0.12
2021-08-01 01:34:38.544,0.06,-0.12
2021-08-01 01:34:38.548,0.075,-0.12
2021-08-01 01:34:38.552,0.06,-0.12
2021-08-01 01:34:38.556,0.05,-0.12
2021-08-01 01:34:38.560,0.065,-0.16
2021-08-01 01:34:38.564,0.065,-0.15
2021-08-01 01:34:38.568,0.065,-0.13
2021-08-01 01:34:38.572,0.075,-0.13
2021-08-01 01:34:38.576,0.065,-0.135
2021-08-01 01:34:38.580,0.065,-0.14
2021-08-01 01:34:38.584,0.05,-0.145
2021-08-01 01:34:38.588,0.065,-0.14
2021-08-01 01:34:38.592,0.055,-0.13
2021-08-01 01:34:38.596,0.06,-0.11
2021-08-01 01:34:38.600,0.06,-0.11
2021-08-01 01:34:38.604,0.08,-0.07
2021-08-01 01:34:38.608,0.07,-0.035
2021-08-01 01:34:38.612,0.09,-0.025
2021-08-01 01:34:38.616,0.105,-0.015
2021-08-01 01:34:38.620,0.12,-0.005
2021-08-01 01:34:38.624,0.115,0.01
2021-08-01 01:34:38.628,0.14,0.03
2021-08-01 01:34:38.632,0.145,0.04
2021-08-01 01:34:38.636,0.145,0.04
2021-08-01 01:34:38.640,0.11,0.0
2021-08-01 01:34:38.644,0.08,-0.04
2021-08-01 01:34:38.648,0.045,-0.085
2021-08-01 01:34:38.652,0.035,-0.12
2021-08-01 01:34:38.656,0.01,-0.145
2021-08-01 01:34:38.660,0.0,-0.16
2021-08-01 01:34:38.664,-0.02,-0.14
2021-08-01 01:34:38.668,-0.015,-0.125
2021-08-01 01:34:38.672,-0.015,-0.135
2021-08-01 01:34:38.676,-0.005,-0.155
2021-08-01 01:34:38.680,0.025,-0.14
2021-08-01 01:34:38.684,0.035,-0.165
2021-08-01 01:34:38.688,0.035,-0.16
2021-08-01 01:34:38.692,0.055,-0.185
2021-08-01 01:34:38.696,0.075,-0.215
2021-08-01 01:34:38.700,0.065,-0.23
2021-08-01 01:34:38.704,0.025,-0.235
2021-08-01 01:34:38.708,0.03,-0.245
2021-08-01 01:34:38.712,0.035,-0.235
2021-08-01 01:34:38.716,0.0,-0.24
2021-08-01 01:34:38.720,0.01,-0.255
2021-08-01 01:34:38.724,0.02,-0.25
2021-08-01 01:34:38.728,0.02,-0.255
2021-08-01 01:34:38.732,0.005,-0.255
2021-08-01 01:34:38.736,0.015,-0.25
2021-08-01 01:34:38.740,0.025,-0.265
2021-08-01 01:34:38.744,0.015,-0.235
2021-08-01 01:34:38.748,0.0,-0.24
2021-08-01 01:34:38.752,0.01,-0.245
2021-08-01 01:34:38.756,0.025,-0.28
2021-08-01 01:34:38.760,0.01,-0.31
2021-08-01 01:34:38.764,0.025,-0.27
2021-08-01 01:34:38.768,0.025,-0.16
2021-08-01 01:34:38.772,0.035,0.015
2021-08-01 01:34:38.776,0.06,0.24
2021-08-01 01:34:38.780,0.09,0.475
2021-08-01 01:34:38.784,0.14,0.635
2021-08-01 01:34:38.788,0.225,0.645
2021-08-01 01:34:38.792,0.3,0.625
2021-08-01 01:34:38.796,0.295,0.385
2021-08-01 01:34:38.800,0.245,-0.15
2021-08-01 01:34:38.804,0.205,-0.615
2021-08-01 01:34:38.808,0.055,-0.82
2021-08-01 01:34:38.812,-0.16,-0.85
2021-08-01 01:34:38.816,-0.31,-0.81
2021-08-01 01:34:38.820,-0.37,-0.71
2021-08-01 01:34:38.824,-0.35,-0.575
2021-08-01 01:34:38.828,-0.32,-0.445
2021-08-01 01:34:38.832,-0.235,-0.325
2021-08-01 01:34:38.836,-0.15,-0.285
2021-08-01 01:34:38.840,-0.08,-0.28
2021-08-01 01:34:38.844,-0.045,-0.265
2021-08-01 01:34:38.848,-0.005,-0.27
2021-08-01 01:34:38.852,-0.02,-0.275
2021-08-01 01:34:38.856,0.0,-0.295
2021-08-01 01:34:38.860,-0.01,-0.29
2021-08-01 01:34:38.864,-0.02,-0.275
2021-08-01 01:34:38.868,-0.015,-0.275
2021-08-01 01:34:38.872,-0.005,-0.285
2021-08-01 01:34:38.876,-0.005,-0.28
2021-08-01 01:34:38.880,-0.005,-0.28
2021-08-01 01:34:38.884,-0.02,-0.26
2021-08-01 01:34:38.888,-0.01,-0.28
2021-08-01 01:34:38.892,-0.01,-0.28
2021-08-01 01:34:38.896,-0.02,-0.27
2021-08-01 01:34:38.900,-0.02,-0.265
2021-08-01 01:34:38.904,-0.015,-0.285
2021-08-01 01:34:38.908,-0.015,-0.25
2021-08-01 01:34:38.912,-0.015,-0.265
2021-08-01 01:34:38.916,-0.01,-0.28
2021-08-01 01:34:38.920,-0.035,-0.26
2021-08-01 01:34:38.924,-0.015,-0.26
2021-08-01 01:34:38.928,-0.025,-0.23
2021-08-01 01:34:38.932,-0.02,-0.24
2021-08-01 01:34:38.936,-0.035,-0.25
2021-08-01 01:34:38.940,-0.025,-0.24
2021-08-01 01:34:38.944,-0.025,-0.225
2021-08-01 01:34:38.948,-0.03,-0.24
2021-08-01 01:34:38.952,-0.03,-0.24
2021-08-01 01:34:38.956,-0.03,-0.245
2021-08-01 01:34:38.960,-0.025,-0.235
2021-08-01 01:34:38.964,-0.05,-0.195
2021-08-01 01:34:38.968,-0.035,-0.185
2021-08-01 01:34:38.972,-0.03,-0.19
2021-08-01 01:34:38.976,-0.025,-0.195
2021-08-01 01:34:38.980,-0.045,-0.205
2021-08-01 01:34:38.984,-0.03,-0.2
2021-08-01 01:34:38.988,-0.035,-0.18
2021-08-01 01:34:38.992,-0.03,-0.165
2021-08-01 01:34:38.996,-0.02,-0.175
2021-08-01 01:34:39.000,-0.02,-0.16
2021-08-01 01:34:39.004,-0.025,-0.14
2021-08-01 01:34:39.008,-0.01,-0.13
2021-08-01 01:34:39.012,-0.025,-0.12
2021-08-01 01:34:39.016,-0.02,-0.125
2021-08-01 01:34:39.020,-0.02,-0.11
2021-08-01 01:34:39.024,-0.015,-0.12
2021-08-01 01:34:39.028,-0.02,-0.095
2021-08-01 01:34:39.032,-0.03,-0.075
2021-08-01 01:34:39.036,-0.02,-0.075
2021-08-01 01:34:39.040,-0.025,-0.08
2021-08-01 01:34:39.044,-0.025,-0.04
2021-08-01 01:34:39.048,-0.02,-0.03
2021-08-01 01:34:39.052,-0.01,-0.035
2021-08-01 01:34:39.056,-0.015,-0.03
2021-08-01 01:34:39.060,-0.025,-0.02
2021-08-01 01:34:39.064,0.01,-0.005
2021-08-01 01:34:39.068,0.03,0.0
2021-08-01 01:34:39.072,0.035,0.0
2021-08-01 01:34:39.076,0.045,-0.035
2021-08-01 01:34:39.080,0.075,-0.045
2021-08-01 01:34:39.084,0.05,-0.07
2021-08-01 01:34:39.088,0.045,-0.095
2021-08-01 01:34:39.092,0.02,-0.105
2021-08-01 01:34:39.096,0.01,-0.1
2021-08-01 01:34:39.100,0.025,-0.095
2021-08-01 01:34:39.104,0.045,-0.105
2021-08-01 01:34:39.108,0.07,-0.095
2021-08-01 01:34:39.112,0.085,-0.085
2021-08-01 01:34:39.116,0.085,-0.085
2021-08-01 01:34:39.120,0.095,-0.13
2021-08-01 01:34:39.124,0.095,-0.135
2021-08-01 01:34:39.128,0.12,-0.14
2021-08-01 01:34:39.132,0.115,-0.135
2021-08-01 01:34:39.136,0.12,-0.13
2021-08-01 01:34:39.140,0.11,-0.12
2021-08-01 01:34:39.144,0.085,-0.12
2021-08-01 01:34:39.148,0.05,-0.135
2021-08-01 01:34:39.152,0.015,-0.15
2021-08-01 01:34:39.156,-0.005,-0.155
2021-08-01 01:34:39.160,-0.01,-0.145
2021-08-01 01:34:39.164,-0.02,-0.145
2021-08-01 01:34:39.168,-0.01,-0.155
2021-08-01 01:34:39.172,-0.025,-0.16
2021-08-01 01:34:39.176,0.0,-0.165
2021-08-01 01:34:39.180,-0.02,-0.17
2021-08-01 01:34:39.184,-0.015,-0.165
2021-08-01 01:34:39.188,-0.035,-0.165
2021-08-01 01:34:39.192,-0.015,-0.155
2021-08-01 01:34:39.196,-0.025,-0.165
2021-08-01 01:34:39.200,0.0,-0.15
2021-08-01 01:34:39.204,-0.02,-0.14
2021-08-01 01:34:39.208,-0.015,-0.14
2021-08-01 01:34:39.212,-0.01,-0.165
2021-08-01 01:34:39.216,0.0,-0.195
2021-08-01 01:34:39.220,-0.015,-0.245
2021-08-01 01:34:39.224,-0.02,-0.225
2021-08-01 01:34:39.228,-0.025,-0.14
2021-08-01 01:34:39.232,-0.005,0.04
2021-08-01 01:34:39.236,0.02,0.26
2021-08-01 01:34:39.240,0.06,0.465
2021-08-01 01:34:39.244,0.115,0.55
2021-08-01 01:34:39.248,0.215,0.485
2021-08-01 01:34:39.252,0.285,0.315
2021-08-01 01:34:39.256,0.29,-0.05
2021-08-01 01:34:39.260,0.245,-0.54
2021-08-01 01:34:39.264,0.175,-0.77
2021-08-01 01:34:39.268,-0.015,-0.75
2021-08-01 01:34:39.272,-0.24,-0.705
2021-08-01 01:34:39.276,-0.355,-0.66
2021-08-01 01:34:39.280,-0.325,-0.555
2021-08-01 01:34:39.284,-0.305,-0.445
2021-08-01 01:34:39.288,-0.28,-0.325
2021-08-01 01:34:39.292,-0.205,-0.23
2021-08-01 01:34:39.296,-0.12,-0.19
2021-08-01 01:34:39.300,-0.08,-0.185
2021-08-01 01:34:39.304,-0.04,-0.2
2021-08-01 01:34:39.308,-0.025,-0.225
2021-08-01 01:34:39.312,-0.035,-0.225
2021-08-01 01:34:39.316,-0.02,-0.21
2021-08-01 01:34:39.320,-0.035,-0.21
2021-08-01 01:34:39.324,-0.045,-0.21
2021-08-01 01:34:39.328,-0.02,-0.2
2021-08-01 01:34:39.332,-0.035,-0.21
2021-08-01 01:34:39.336,-0.025,-0.21
2021-08-01 01:34:39.340,-0.04,-0.23
2021-08-01 01:34:39.344,-0.035,-0.235
2021-08-01 01:34:39.348,-0.03,-0.245
2021-08-01 01:34:39.352,-0.01,-0.24
2021-08-01 01:34:39.356,-0.03,-0.205
2021-08-01 01:34:39.360,-0.025,-0.215
2021-08-01 01:34:39.364,-0.035,-0.225
2021-08-01 01:34:39.368,-0.035,-0.215
2021-08-01 01:34:39.372,-0.04,-0.24
2021-08-01 01:34:39.376,-0.05,-0.225
2021-08-01 01:34:39.380,-0.025,-0.215
2021-08-01 01:34:39.384,-0.025,-0.2
2021-08-01 01:34:39.388,-0.035,-0.195
2021-08-01 01:34:39.392,-0.02,-0.22
2021-08-01 01:34:39.396,-0.035,-0.22
2021-08-01 01:34:39.400,-0.02,-0.215
2021-08-01 01:34:39.404,-0.015,-0.2
2021-08-01 01:34:39.408,-0.025,-0.21
2021-08-01 01:34:39.412,-0.03,-0.19
2021-08-01 01:34:39.416,-0.04,-0.205
2021-08-01 01:34:39.420,-0.04,-0.18
2021-08-01 01:34:39.424,-0.04,-0.155
2021-08-01 01:34:39.428,-0.04,-0.18
2021-08-01 01:34:39.432,-0.03,-0.195
2021-08-01 01:34:39.436,-0.035,-0.19
2021-08-01 01:34:39.440,-0.04,-0.175
2021-08-01 01:34:39.444,-0.025,-0.16
2021-08-01 01:34:39.448,-0.015,-0.15
2021-08-01 01:34:39.452,-0.04,-0.135
2021-08-01 01:34:39.456,-0.035,-0.125
2021-08-01 01:34:39.460,-0.02,-0.12
2021-08-01 01:34:39.464,-0.025,-0.12
2021-08-01 01:34:39.468,-0.035,-0.1
2021-08-01 01:34:39.472,-0.03,-0.11
2021-08-01 01:34:39.476,-0.02,-0.105
2021-08-01 01:34:39.480,-0.015,-0.09
2021-08-01 01:34:39.484,-0.01,-0.075
2021-08-01 01:34:39.488,-0.01,-0.05
2021-08-01 01:34:39.492,-0.015,-0.045
2021-08-01 01:34:39.496,-0.005,-0.035
2021-08-01 01:34:39.500,-0.005,-0.015
2021-08-01 01:34:39.504,0.0,-0.02
2021-08-01 01:34:39.508,-0.005,-0.005
2021-08-01 01:34:39.512,0.0,-0.015
2021-08-01 01:34:39.516,0.015,-0.035
2021-08-01 01:34:39.520,0.025,-0.04
2021-08-01 01:34:39.524,0.0,-0.05
2021-08-01 01:34:39.528,0.03,-0.035
2021-08-01 01:34:39.532,0.025,-0.075
2021-08-01 01:34:39.536,0.04,-0.085
2021-08-01 01:34:39.540,0.045,-0.09
2021-08-01 01:34:39.544,0.065,-0.08
2021-08-01 01:34:39.548,0.035,-0.08
2021-08-01 01:34:39.552,0.045,-0.1
2021-08-01 01:34:39.556,0.045,-0.095
2021-08-01 01:34:39.560,0.04,-0.09
2021-08-01 01:34:39.564,0.03,-0.095
2021-08-01 01:34:39.568,0.03,-0.11
2021-08-01 01:34:39.572,0.045,-0.1
2021-08-01 01:34:39.576,0.04,-0.1
2021-08-01 01:34:39.580,0.025,-0.11
2021-08-01 01:34:39.584,0.04,-0.095
2021-08-01 01:34:39.588,0.045,-0.09
2021-08-01 01:34:39.592,0.03,-0.1
2021-08-01 01:34:39.596,0.03,-0.11
2021-08-01 01:34:39.600,0.025,-0.095
2021-08-01 01:34:39.604,0.04,-0.105
2021-08-01 01:34:39.608,0.035,-0.1
2021-08-01 01:34:39.612,0.03,-0.105
2021-08-01 01:34:39.616,0.04,-0.105
2021-08-01 01:34:39.620,0.025,-0.09
2021-08-01 01:34:39.624,0.035,-0.095
2021-08-01 01:34:39.628,0.04,-0.09
2021-08-01 01:34:39.632,0.035,-0.115
2021-08-01 01:34:39.636,0.025,-0.11
2021-08-01 01:34:39.640,0.03,-0.115
2021-08-01 01:34:39.644,0.03,-0.1
2021-08-01 01:34:39.648,0.025,-0.09
2021-08-01 01:34:39.652,0.04,-0.12
2021-08-01 01:34:39.656,0.025,-0.11
2021-08-01 01:34:39.660,0.035,-0.115
2021-08-01 01:34:39.664,0.05,-0.12
2021-08-01 01:34:39.668,0.025,-0.115
2021-08-01 01:34:39.672,0.015,-0.125
2021-08-01 01:34:39.676,0.015,-0.14
2021-08-01 01:34:39.680,0.025,-0.13
2021-08-01 01:34:39.684,0.02,-0.135
2021-08-01 01:34:39.688,0.015,-0.145
2021-08-01 01:34:39.692,0.04,-0.15
2021-08-01 01:34:39.696,0.04,-0.155
2021-08-01 01:34:39.700,0.035,-0.145
2021-08-01 01:34:39.704,0.035,-0.125
2021-08-01 01:34:39.708,0.02,-0.145
2021-08-01 01:34:39.712,0.025,-0.15
2021-08-01 01:34:39.716,0.005,-0.15
2021-08-01 01:34:39.720,0.035,-0.16
2021-08-01 01:34:39.724,0.01,-0.155
2021-08-01 01:34:39.728,0.005,-0.16
2021-08-01 01:34:39.732,0.03,-0.165
2021-08-01 01:34:39.736,0.015,-0.16
2021-08-01 01:34:39.740,0.015,-0.15
2021-08-01 01:34:39.744,0.015,-0.16
2021-08-01 01:34:39.748,0.025,-0.165
2021-08-01 01:34:39.752,0.02,-0.175
2021-08-01 01:34:39.756,0.02,-0.175
2021-08-01 01:34:39.760,0.03,-0.165
2021-08-01 01:34:39.764,0.005,-0.17
2021-08-01 01:34:39.768,0.01,-0.165
2021-08-01 01:34:39.772,0.02,-0.18
2021-08-01 01:34:39.776,0.01,-0.19
2021-08-01 01:34:39.780,0.015,-0.165
2021-08-01 01:34:39.784,0.03,-0.17
2021-08-01 01:34:39.788,0.02,-0.18
2021-08-01 01:34:39.792,0.0,-0.175
2021-08-01 01:34:39.796,0.0,-0.19
2021-08-01 01:34:39.800,0.025,-0.195
2021-08-01 01:34:39.804,0.01,-0.17
2021-08-01 01:34:39.808,0.02,-0.18
2021-08-01 01:34:39.812,0.015,-0.185
2021-08-01 01:34:39.816,0.01,-0.18
2021-08-01 01:34:39.820,0.01,-0.18
2021-08-01 01:34:39.824,0.02,-0.185
2021-08-01 01:34:39.828,0.005,-0.175
2021-08-01 01:34:39.832,0.005,-0.185
2021-08-01 01:34:39.836,0.005,-0.205
2021-08-01 01:34:39.840,0.01,-0.18
2021-08-01 01:34:39.844,0.02,-0.175
2021-08-01 01:34:39.848,0.01,-0.18
2021-08-01 01:34:39.852,0.025,-0.19
2021-08-01 01:34:39.856,0.025,-0.19
2021-08-01 01:34:39.860,0.005,-0.17
2021-08-01 01:34:39.864,0.015,-0.18
2021-08-01 01:34:39.868,0.025,-0.19
2021-08-01 01:34:39.872,0.01,-0.185
2021-08-01 01:34:39.876,0.005,-0.195
2021-08-01 01:34:39.880,0.01,-0.185
2021-08-01 01:34:39.884,0.005,-0.17
2021-08-01 01:34:39.888,-0.01,-0.15
2021-08-01 01:34:39.892,0.02,-0.12
2021-08-01 01:34:39.896,0.035,-0.095
2021-08-01 01:34:39.900,0.03,-0.065
2021-08-01 01:34:39.904,0.055,-0.055
2021-08-01 01:34:39.908,0.065,-0.06
2021-08-01 01:34:39.912,0.08,-0.03
2021-08-01 01:34:39.916,0.075,0.005
2021-08-01 01:34:39.920,0.11,0.005
2021-08-01 01:34:39.924,0.105,0.02
2021-08-01 01:34:39.928,0.08,0.015
2021-08-01 01:34:39.932,0.05,-0.055
2021-08-01 01:34:39.936,0.035,-0.08
2021-08-01 01:34:39.940,0.025,-0.12
2021-08-01 01:34:39.944,0.0,-0.17
2021-08-01 01:34:39.948,-0.005,-0.175
2021-08-01 01:34:39.952,-0.035,-0.155
2021-08-01 01:34:39.956,-0.045,-0.13
2021-08-01 01:34:39.960,-0.04,-0.145
2021-08-01 01:34:39.964,-0.01,-0.15
2021-08-01 01:34:39.968,0.02,-0.15
2021-08-01 01:34:39.972,0.0,-0.18
2021-08-01 01:34:39.976,0.025,-0.22
2021-08-01 01:34:39.980,0.03,-0.2
2021-08-01 01:34:39.984,0.03,-0.22
2021-08-01 01:34:39.988,0.025,-0.24
2021-08-01 01:34:39.992,0.04,-0.27
2021-08-01 01:34:39.996,0.01,-0.275
2021-08-01 01:34:40.000,0.01,-0.265
2021-08-01 01:34:40.004,-0.005,-0.28
2021-08-01 01:34:40.008,-0.01,-0.285
2021-08-01 01:34:40.012,-0.02,-0.28
2021-08-01 01:34:40.016,0.0,-0.27
2021-08-01 01:34:40.020,0.0,-0.29
2021-08-01 01:34:40.024,0.005,-0.27
2021-08-01 01:34:40.028,0.005,-0.27
2021-08-01 01:34:40.032,-0.02,-0.28
2021-08-01 01:34:40.036,-0.015,-0.265
2021-08-01 01:34:40.040,-0.01,-0.26
2021-08-01 01:34:40.044,0.0,-0.28
2021-08-01 01:34:40.048,0.005,-0.28
2021-08-01 01:34:40.052,0.005,-0.255
2021-08-01 01:34:40.056,0.01,-0.165
2021-08-01 01:34:40.060,0.055,0.045
2021-08-01 01:34:40.064,0.06,0.315
2021-08-01 01:34:40.068,0.1,0.59
2021-08-01 01:34:40.072,0.195,0.715
2021-08-01 01:34:40.076,0.29,0.74
2021-08-01 01:34:40.080,0.33,0.685
2021-08-01 01:34:40.084,0.335,0.485
2021-08-01 01:34:40.088,0.255,-0.02
2021-08-01 01:34:40.092,0.185,-0.525
2021-08-01 01:34:40.096,0.04,-0.77
2021-08-01 01:34:40.100,-0.19,-0.855
2021-08-01 01:34:40.104,-0.32,-0.82
2021-08-01 01:34:40.108,-0.36,-0.69
2021-08-01 01:34:40.112,-0.375,-0.58
2021-08-01 01:34:40.116,-0.345,-0.49
2021-08-01 01:34:40.120,-0.255,-0.39
2021-08-01 01:34:40.124,-0.16,-0.315
2021-08-01 01:34:40.128,-0.07,-0.305
2021-08-01 01:34:40.132,-0.025,-0.305
2021-08-01 01:34:40.136,-0.005,-0.325
2021-08-01 01:34:40.140,0.015,-0.32
2021-08-01 01:34:40.144,0.01,-0.285
2021-08-01 01:34:40.148,-0.01,-0.3
2021-08-01 01:34:40.152,0.005,-0.31
2021-08-01 01:34:40.156,0.02,-0.305
2021-08-01 01:34:40.160,0.0,-0.295
2021-08-01 01:34:40.164,0.02,-0.28
2021-08-01 01:34:40.168,0.01,-0.29
2021-08-01 01:34:40.172,0.01,-0.27
2021-08-01 01:34:40.176,0.005,-0.295
2021-08-01 01:34:40.180,0.0,-0.265
2021-08-01 01:34:40.184,0.015,-0.28
2021-08-01 01:34:40.188,0.01,-0.265
2021-08-01 01:34:40.192,0.005,-0.28
2021-08-01 01:34:40.196,0.015,-0.28
2021-08-01 01:34:40.200,0.02,-0.28
2021-08-01 01:34:40.204,0.02,-0.275
2021-08-01 01:34:40.208,0.035,-0.265
2021-08-01 01:34:40.212,0.02,-0.25
2021-08-01 01:34:40.216,0.005,-0.275
2021-08-01 01:34:40.220,0.005,-0.26
2021-08-01 01:34:40.224,0.035,-0.24
2021-08-01 01:34:40.228,0.015,-0.245
2021-08-01 01:34:40.232,0.02,-0.25
2021-08-01 01:34:40.236,0.025,-0.22
2021-08-01 01:34:40.240,0.025,-0.22
2021-08-01 01:34:40.244,0.02,-0.195
2021-08-01 01:34:40.248,0.02,-0.21
2021-08-01 01:34:40.252,0.015,-0.195
2021-08-01 01:34:40.256,0.015,-0.185
2021-08-01 01:34:40.260,0.03,-0.175
2021-08-01 01:34:40.264,0.03,-0.165
2021-08-01 01:34:40.268,0.035,-0.14
2021-08-01 01:34:40.272,0.035,-0.15
2021-08-01 01:34:40.276,0.035,-0.15
2021-08-01 01:34:40.280,0.04,-0.1
2021-08-01 01:34:40.284,0.03,-0.115
2021-08-01 01:34:40.288,0.055,-0.105
2021-08-01 01:34:40.292,0.065,-0.105
2021-08-01 01:34:40.296,0.055,-0.085
2021-08-01 01:34:40.300,0.055,-0.095
2021-08-01 01:34:40.304,0.06,-0.09
2021-08-01 01:34:40.308,0.06,-0.065
2021-08-01 01:34:40.312,0.075,-0.07
2021-08-01 01:34:40.316,0.08,-0.06
2021-08-01 01:34:40.320,0.06,-0.055
2021-08-01 01:34:40.324,0.06,-0.05
2021-08-01 01:34:40.328,0.055,-0.04
2021-08-01 01:34:40.332,0.065,-0.03
2021-08-01 01:34:40.336,0.04,-0.02
2021-08-01 01:34:40.340,0.055,-0.015
2021-08-01 01:34:40.344,0.09,0.0
2021-08-01 01:34:40.348,0.07,0.005
2021-08-01 01:34:40.352,0.07,0.0
2021-08-01 01:34:40.356,0.065,0.005
2021-08-01 01:34:40.360,0.085,0.02
2021-08-01 01:34:40.364,0.05,0.03
2021-08-01 01:34:40.368,0.055,0.02
2021-08-01 01:34:40.372,0.075,0.025
2021-08-01 01:34:40.376,0.065,0.005
2021-08-01 01:34:40.380,0.07,0.01
2021-08-01 01:34:40.384,0.075,-0.01
2021-08-01 01:34:40.388,0.065,-0.025
2021-08-01 01:34:40.392,0.06,-0.035
2021-08-01 01:34:40.396,0.085,-0.045
2021-08-01 01:34:40.400,0.09,-0.04
2021-08-01 01:34:40.404,0.075,-0.035
2021-08-01 01:34:40.408,0.085,-0.065
2021-08-01 01:34:40.412,0.07,-0.06
2021-08-01 01:34:40.416,0.07,-0.06
2021-08-01 01:34:40.420,0.065,-0.055
2021-08-01 01:34:40.424,0.07,-0.055
2021-08-01 01:34:40.428,0.07,-0.06
2021-08-01 01:34:40.432,0.08,-0.06
2021-08-01 01:34:40.436,0.065,-0.05
2021-08-01 01:34:40.440,0.06,-0.07
2021-08-01 01:34:40.444,0.075,-0.05
2021-08-01 01:34:40.448,0.07,-0.05
2021-08-01 01:34:40.452,0.06,-0.055
2021-08-01 01:34:40.456,0.085,-0.07
2021-08-01 01:34:40.460,0.065,-0.055
2021-08-01 01:34:40.464,0.06,-0.055
2021-08-01 01:34:40.468,0.055,-0.05
2021-08-01 01:34:40.472,0.065,-0.06
2021-08-01 01:34:40.476,0.055,-0.055
2021-08-01 01:34:40.480,0.055,-0.04
2021-08-01 01:34:40.484,0.05,-0.03
2021-08-01 01:34:40.488,0.055,-0.045
2021-08-01 01:34:40.492,0.05,-0.035
2021-08-01 01:34:40.496,0.07,-0.07
2021-08-01 01:34:40.500,0.055,-0.055
2021-08-01 01:34:40.504,0.06,-0.05
2021-08-01 01:34:40.508,0.07,-0.065
2021-08-01 01:34:40.512,0.07,-0.065
2021-08-01 01:34:40.516,0.065,-0.065
2021-08-01 01:34:40.520,0.06,-0.055
2021-08-01 01:34:40.524,0.055,-0.075
2021-08-01 01:34:40.528,0.06,-0.075
2021-08-01 01:34:40.532,0.05,-0.09
2021-08-01 01:34:40.536,0.06,-0.08
2021-08-01 01:34:40.540,0.06,-0.08
2021-08-01 01:34:40.544,0.045,-0.09
2021-08-01 01:34:40.548,0.035,-0.08
2021-08-01 01:34:40.552,0.055,-0.1
2021-08-01 01:34:40.556,0.05,-0.09
2021-08-01 01:34:40.560,0.06,-0.095
2021-08-01 01:34:40.564,0.065,-0.09
2021-08-01 01:34:40.568,0.06,-0.07
2021-08-01 01:34:40.572,0.035,-0.06
2021-08-01 01:34:40.576,0.05,-0.03
2021-08-01 01:34:40.580,0.05,0.0
2021-08-01 01:34:40.584,0.055,0.005
2021-08-01 01:34:40.588,0.08,0.02
2021-08-01 01:34:40.592,0.09,0.025
2021-08-01 01:34:40.596,0.1,0.04
2021-08-01 01:34:40.600,0.13,0.045
2021-08-01 01:34:40.604,0.135,0.085
2021-08-01 01:34:40.608,0.135,0.085
2021-08-01 01:34:40.612,0.12,0.06
2021-08-01 01:34:40.616,0.105,0.025
2021-08-01 01:34:40.620,0.07,0.0
2021-08-01 01:34:40.624,0.045,-0.045
2021-08-01 01:34:40.628,0.0,-0.08
2021-08-01 01:34:40.632,0.005,-0.12
2021-08-01 01:34:40.636,-0.025,-0.105
2021-08-01 01:34:40.640,-0.02,-0.1
2021-08-01 01:34:40.644,-0.04,-0.09
2021-08-01 01:34:40.648,-0.03,-0.09
2021-08-01 01:34:40.652,-0.02,-0.08
2021-08-01 01:34:40.656,0.005,-0.135
2021-08-01 01:34:40.660,0.025,-0.14
2021-08-01 01:34:40.664,0.03,-0.15
2021-08-01 01:34:40.668,0.04,-0.165
2021-08-01 01:34:40.672,0.04,-0.185
2021-08-01 01:34:40.676,0.045,-0.19
2021-08-01 01:34:40.680,0.04,-0.205
2021-08-01 01:34:40.684,0.04,-0.205
2021-08-01 01:34:40.688,0.015,-0.22
2021-08-01 01:34:40.692,0.01,-0.21
2021-08-01 01:34:40.696,0.0,-0.21
2021-08-01 01:34:40.700,0.005,-0.205
2021-08-01 01:34:40.704,0.01,-0.2
2021-08-01 01:34:40.708,0.0,-0.205
2021-08-01 01:34:40.712,0.01,-0.23
2021-08-01 01:34:40.716,0.02,-0.21
2021-08-01 01:34:40.720,0.01,-0.205
2021-08-01 01:34:40.724,0.0,-0.21
2021-08-01 01:34:40.728,0.01,-0.205
2021-08-01 01:34:40.732,-0.015,-0.205
2021-08-01 01:34:40.736,0.005,-0.235
2021-08-01 01:34:40.740,0.01,-0.22
2021-08-01 01:34:40.744,0.015,-0.17
2021-08-01 01:34:40.748,0.045,-0.025
2021-08-01 01:34:40.752,0.07,0.205
2021-08-01 01:34:40.756,0.085,0.45
2021-08-01 01:34:40.760,0.145,0.635
2021-08-01 01:34:40.764,0.22,0.695
2021-08-01 01:34:40.768,0.3,0.67
2021-08-01 01:34:40.772,0.31,0.51
2021-08-01 01:34:40.776,0.25,0.055
2021-08-01 01:34:40.780,0.17,-0.44
2021-08-01 01:34:40.784,0.045,-0.7
2021-08-01 01:34:40.788,-0.165,-0.77
2021-08-01 01:34:40.792,-0.295,-0.73
2021-08-01 01:34:40.796,-0.37,-0.61
2021-08-01 01:34:40.800,-0.36,-0.48
2021-08-01 01:34:40.804,-0.31,-0.375
2021-08-01 01:34:40.808,-0.245,-0.27
2021-08-01 01:34:40.812,-0.14,-0.245
2021-08-01 01:34:40.816,-0.055,-0.235
2021-08-01 01:34:40.820,-0.01,-0.23
2021-08-01 01:34:40.824,0.0,-0.235
2021-08-01 01:34:40.828,0.005,-0.255
2021-08-01 01:34:40.832,0.0,-0.25
2021-08-01 01:34:40.836,0.0,-0.245
2021-08-01 01:34:40.840,0.005,-0.245
2021-08-01 01:34:40.844,0.0,-0.23
2021-08-01 01:34:40.848,-0.005,-0.23
2021-08-01 01:34:40.852,0.0,-0.23
2021-08-01 01:34:40.856,-0.02,-0.23
2021-08-01 01:34:40.860,0.0,-0.225
2021-08-01 01:34:40.864,0.0,-0.23
2021-08-01 01:34:40.868,0.015,-0.24
2021-08-01 01:34:40.872,0.005,-0.225
2021-08-01 01:34:40.876,-0.005,-0.24
2021-08-01 01:34:40.880,-0.005,-0.22
2021-08-01 01:34:40.884,-0.005,-0.23
2021-08-01 01:34:40.888,0.005,-0.24
2021-08-01 01:34:40.892,0.005,-0.235
2021-08-01 01:34:40.896,-0.01,-0.215
2021-08-01 01:34:40.900,-0.01,-0.215
2021-08-01 01:34:40.904,0.0,-0.205
2021-08-01 01:34:40.908,0.0,-0.21
2021-08-01 01:34:40.912,0.0,-0.21
2021-08-01 01:34:40.916,0.01,-0.205
2021-08-01 01:34:40.920,0.005,-0.195
2021-08-01 01:34:40.924,0.005,-0.185
2021-08-01 01:34:40.928,0.015,-0.195
2021-08-01 01:34:40.932,0.015,-0.19
2021-08-01 01:34:40.936,0.01,-0.185
2021-08-01 01:34:40.940,0.0,-0.175
2021-08-01 01:34:40.944,0.01,-0.17
2021-08-01 01:34:40.948,0.005,-0.175
2021-08-01 01:34:40.952,0.0,-0.16
2021-08-01 01:34:40.956,0.005,-0.155
2021-08-01 01:34:40.960,0.01,-0.13
2021-08-01 01:34:40.964,0.02,-0.13
2021-08-01 01:34:40.968,0.01,-0.14
2021-08-01 01:34:40.972,0.015,-0.125
2021-08-01 01:34:40.976,0.01,-0.12
2021-08-01 01:34:40.980,0.015,-0.105
2021-08-01 01:34:40.984,0.01,-0.11
2021-08-01 01:34:40.988,0.03,-0.105
2021-08-01 01:34:40.992,0.04,-0.11
2021-08-01 01:34:40.996,0.02,-0.1
2021-08-01 01:34:41.000,0.04,-0.09
2021-08-01 01:34:41.004,0.015,-0.075
2021-08-01 01:34:41.008,0.015,-0.08
2021-08-01 01:34:41.012,0.035,-0.07
2021-08-01 01:34:41.016,0.035,-0.07
2021-08-01 01:34:41.020,0.025,-0.04
2021-08-01 01:34:41.024,0.015,-0.04
2021-08-01 01:34:41.028,0.04,-0.04
2021-08-01 01:34:41.032,0.03,-0.015
2021-08-01 01:34:41.036,0.045,-0.015
2021-08-01 01:34:41.040,0.02,-0.03
2021-08-01 01:34:41.044,0.025,-0.01
2021-08-01 01:34:41.048,0.04,-0.03
2021-08-01 01:34:41.052,0.03,-0.03
2021-08-01 01:34:41.056,0.04,-0.035
2021-08-01 01:34:41.060,0.055,-0.055
2021-08-01 01:34:41.064,0.03,-0.07
2021-08-01 01:34:41.068,0.035,-0.09
2021-08-01 01:34:41.072,0.045,-0.08
2021-08-01 01:34:41.076,0.05,-0.07
2021-08-01 01:34:41.080,0.04,-0.085
2021-08-01 01:34:41.084,0.035,-0.095
2021-08-01 01:34:41.088,0.03,-0.1
2021-08-01 01:34:41.092,0.03,-0.12
2021-08-01 01:34:41.096,0.03,-0.105
2021-08-01 01:34:41.100,0.035,-0.095
2021-08-01 01:34:41.104,0.025,-0.11
2021-08-01 01:34:41.108,0.05,-0.095
2021-08-01 01:34:41.112,0.05,-0.11
2021-08-01 01:34:41.116,0.03,-0.1
2021-08-01 01:34:41.120,0.04,-0.09
2021-08-01 01:34:41.124,0.05,-0.105
2021-08-01 01:34:41.128,0.05,-0.1
2021-08-01 01:34:41.132,0.04,-0.11
2021-08-01 01:34:41.136,0.045,-0.105
2021-08-01 01:34:41.140,0.045,-0.08
2021-08-01 01:34:41.144,0.065,-0.095
2021-08-01 01:34:41.148,0.06,-0.115
2021-08-01 01:34:41.152,0.04,-0.1
2021-08-01 01:34:41.156,0.055,-0.09
2021-08-01 01:34:41.160,0.045,-0.09
2021-08-01 01:34:41.164,0.035,-0.1
2021-08-01 01:34:41.168,0.015,-0.085
2021-08-01 01:34:41.172,0.045,-0.1
2021-08-01 01:34:41.176,0.06,-0.075
2021-08-01 01:34:41.180,0.045,-0.06
2021-08-01 01:34:41.184,0.045,-0.085
2021-08-01 01:34:41.188,0.05,-0.105
2021-08-01 01:34:41.192,0.04,-0.1
2021-08-01 01:34:41.196,0.02,-0.1
2021-08-01 01:34:41.200,0.03,-0.1
2021-08-01 01:34:41.204,0.03,-0.1
2021-08-01 01:34:41.208,0.02,-0.12
2021-08-01 01:34:41.212,0.05,-0.12
2021-08-01 01:34:41.216,0.025,-0.12
2021-08-01 01:34:41.220,0.04,-0.11
2021-08-01 01:34:41.224,0.025,-0.11
2021-08-01 01:34:41.228,0.05,-0.105
2021-08-01 01:34:41.232,0.04,-0.125
2021-08-01 01:34:41.236,0.045,-0.12
2021-08-01 01:34:41.240,0.025,-0.125
2021-08-01 01:34:41.244,0.045,-0.105
2021-08-01 01:34:41.248,0.025,-0.09
2021-08-01 01:34:41.252,0.025,-0.055
2021-08-01 01:34:41.256,0.05,-0.045
2021-08-01 01:34:41.260,0.055,-0.005
2021-08-01 01:34:41.264,0.055,0.01
2021-08-01 01:34:41.268,0.085,0.025
2021-08-01 01:34:41.272,0.085,0.025
2021-08-01 01:34:41.276,0.115,0.045
2021-08-01 01:34:41.280,0.095,0.05
2021-08-01 01:34:41.284,0.14,0.075
2021-08-01 01:34:41.288,0.12,0.08
2021-08-01 01:34:41.292,0.105,0.05
2021-08-01 01:34:41.296,0.085,0.02
2021-08-01 01:34:41.300,0.055,-0.01
2021-08-01 01:34:41.304,0.025,-0.08
2021-08-01 01:34:41.308,0.015,-0.105
2021-08-01 01:34:41.312,0.0,-0.105
2021-08-01 01:34:41.316,0.0,-0.09
2021-08-01 01:34:41.320,-0.02,-0.085
2021-08-01 01:34:41.324,-0.015,-0.095
2021-08-01 01:34:41.328,-0.005,-0.085
2021-08-01 01:34:41.332,0.025,-0.095
2021-08-01 01:34:41.336,0.035,-0.11
2021-08-01 01:34:41.340,0.06,-0.135
2021-08-01 01:34:41.344,0.055,-0.14
2021-08-01 01:34:41.348,0.055,-0.155
2021-08-01 01:34:41.352,0.06,-0.155
2021-08-01 01:34:41.356,0.06,-0.17
2021-08-01 01:34:41.360,0.035,-0.175
2021-08-01 01:34:41.364,0.045,-0.195
2021-08-01 01:34:41.368,0.035,-0.205
2021-08-01 01:34:41.372,0.025,-0.185
2021-08-01 01:34:41.376,0.015,-0.185
2021-08-01 01:34:41.380,0.03,-0.19
2021-08-01 01:34:41.384,0.02,-0.19
2021-08-01 01:34:41.388,0.035,-0.2
2021-08-01 01:34:41.392,0.04,-0.2
2021-08-01 01:34:41.396,0.05,-0.185
2021-08-01 01:34:41.400,0.04,-0.185
2021-08-01 01:34:41.404,0.035,-0.195
2021-08-01 01:34:41.408,0.045,-0.175
2021-08-01 01:34:41.412,0.015,-0.185
2021-08-01 01:34:41.416,0.04,-0.21
2021-08-01 01:34:41.420,0.045,-0.195
2021-08-01 01:34:41.424,0.045,-0.125
2021-08-01 01:34:41.428,0.045,0.035
2021-08-01 01:34:41.432,0.09,0.24
2021-08-01 01:34:41.436,0.13,0.475
2021-08-01 01:34:41.440,0.165,0.655
2021-08-01 01:34:41.444,0.225,0.675
2021-08-01 01:34:41.448,0.31,0.64
2021-08-01 01:34:41.452,0.345,0.465
2021-08-01 01:34:41.456,0.29,0.01
2021-08-01 01:34:41.460,0.255,-0.48
2021-08-01 01:34:41.464,0.155,-0.705
2021-08-01 01:34:41.468,-0.08,-0.74
2021-08-01 01:34:41.472,-0.23,-0.725
2021-08-01 01:34:41.476,-0.295,-0.65
2021-08-01 01:34:41.480,-0.285,-0.52
2021-08-01 01:34:41.484,-0.285,-0.385
2021-08-01 01:34:41.488,-0.22,-0.295
2021-08-01 01:34:41.492,-0.115,-0.22
2021-08-01 01:34:41.496,-0.045,-0.2
2021-08-01 01:34:41.500,0.0,-0.19
2021-08-01 01:34:41.504,0.02,-0.205
2021-08-01 01:34:41.508,0.025,-0.21
2021-08-01 01:34:41.512,0.015,-0.21
2021-08-01 01:34:41.516,0.05,-0.21
2021-08-01 01:34:41.520,0.03,-0.21
2021-08-01 01:34:41.524,0.04,-0.19
2021-08-01 01:34:41.528,0.04,-0.195
2021-08-01 01:34:41.532,0.035,-0.19
2021-08-01 01:34:41.536,0.025,-0.17
2021-08-01 01:34:41.540,0.025,-0.18
2021-08-01 01:34:41.544,0.025,-0.195
2021-08-01 01:34:41.548,0.025,-0.195
2021-08-01 01:34:41.552,0.015,-0.19
2021-08-01 01:34:41.556,0.02,-0.19
2021-08-01 01:34:41.560,0.015,-0.175
2021-08-01 01:34:41.564,0.01,-0.175
2021-08-01 01:34:41.568,0.01,-0.185
2021-08-01 01:34:41.572,0.03,-0.16
2021-08-01 01:34:41.576,0.025,-0.16
2021-08-01 01:34:41.580,0.015,-0.165
2021-08-01 01:34:41.584,0.01,-0.175
2021-08-01 01:34:41.588,0.03,-0.16
2021-08-01 01:34:41.592,0.015,-0.16
2021-08-01 01:34:41.596,0.015,-0.16
2021-08-01 01:34:41.600,0.015,-0.15
2021-08-01 01:34:41.604,0.005,-0.145
2021-08-01 01:34:41.608,0.005,-0.125
2021-08-01 01:34:41.612,0.02,-0.135
2021-08-01 01:34:41.616,0.01,-0.12
2021-08-01 01:34:41.620,0.015,-0.115
2021-08-01 01:34:41.624,0.01,-0.11
2021-08-01 01:34:41.628,0.015,-0.105
2021-08-01 01:34:41.632,0.03,-0.1
2021-08-01 01:34:41.636,0.015,-0.1
